-0.676538 0.265404 -0.686918 19.186639 0.360520 0.932736 0.005309 3.685491 0.642123 -0.244056 -0.726715 1301.549939 0.000000 0.000000 0.000000 1.000000 
-0.676551 0.265390 -0.686912 19.188079 0.360500 0.932744 0.005306 3.684215 0.642121 -0.244042 -0.726722 1301.534364 0.000000 0.000000 0.000000 1.000000 
-0.678936 0.259301 -0.686883 19.180607 0.352074 0.935957 0.005328 3.699544 0.644275 -0.238216 -0.726748 1301.555722 0.000000 0.000000 0.000000 1.000000 
-0.683489 0.247076 -0.686874 19.175562 0.335128 0.942157 0.005426 3.733552 0.648484 -0.226482 -0.726756 1301.541801 0.000000 0.000000 0.000000 1.000000 
-0.687514 0.235599 -0.686890 19.172618 0.319255 0.947653 0.005494 3.762502 0.652228 -0.215515 -0.726741 1301.542764 0.000000 0.000000 0.000000 1.000000 
-0.691391 0.224054 -0.686862 19.162769 0.303251 0.952894 0.005582 3.790894 0.655757 -0.204432 -0.726767 1301.555628 0.000000 0.000000 0.000000 1.000000 
-0.695391 0.211290 -0.686868 19.158165 0.285634 0.958322 0.005615 3.825843 0.659427 -0.192288 -0.726760 1301.555426 0.000000 0.000000 0.000000 1.000000 
-0.698803 0.199784 -0.686849 19.147941 0.269684 0.962932 0.005710 3.853481 0.662529 -0.181242 -0.726778 1301.575499 0.000000 0.000000 0.000000 1.000000 
-0.702176 0.187588 -0.686847 19.141444 0.252795 0.967502 0.005802 3.883313 0.665615 -0.169558 -0.726779 1301.575695 0.000000 0.000000 0.000000 1.000000 
-0.705261 0.175609 -0.686854 19.133810 0.236244 0.971676 0.005855 3.911862 0.668428 -0.158136 -0.726772 1301.581801 0.000000 0.000000 0.000000 1.000000 
-0.708048 0.164075 -0.686839 19.123487 0.220271 0.975421 0.005940 3.940772 0.670931 -0.147085 -0.726786 1301.588376 0.000000 0.000000 0.000000 1.000000 
-0.710793 0.151722 -0.686844 19.115987 0.203198 0.979119 0.006001 3.974610 0.673412 -0.135300 -0.726780 1301.595621 0.000000 0.000000 0.000000 1.000000 
-0.713188 0.139973 -0.686855 19.109813 0.186916 0.982357 0.006111 4.002371 0.675592 -0.124026 -0.726769 1301.591653 0.000000 0.000000 0.000000 1.000000 
-0.715510 0.127692 -0.686833 19.094257 0.169939 0.985435 0.006172 4.027525 0.677618 -0.112303 -0.726789 1301.611544 0.000000 0.000000 0.000000 1.000000 
-0.717579 0.115528 -0.686828 19.084082 0.153109 0.988190 0.006254 4.058439 0.679439 -0.100671 -0.726793 1301.614356 0.000000 0.000000 0.000000 1.000000 
-0.719435 0.103224 -0.686847 19.073916 0.136099 0.990675 0.006329 4.084328 0.681095 -0.088926 -0.726775 1301.635071 0.000000 0.000000 0.000000 1.000000 
-0.722915 0.091114 -0.684903 18.809696 0.118038 0.992981 0.007508 4.085467 0.680780 -0.075417 -0.728595 1301.733197 0.000000 0.000000 0.000000 1.000000 
-0.722594 0.078215 -0.686834 19.049554 0.101491 0.994815 0.006512 4.138693 0.683782 -0.065002 -0.726785 1301.653555 0.000000 0.000000 0.000000 1.000000 
-0.724435 0.066413 -0.686136 18.959822 0.085267 0.996337 0.006411 4.209670 0.684049 -0.053860 -0.727445 1301.845237 0.000000 0.000000 0.000000 1.000000 
-0.726435 0.054295 -0.685087 18.810658 0.067332 0.997701 0.007675 4.166126 0.683929 -0.040553 -0.728420 1301.698237 0.000000 0.000000 0.000000 1.000000 
-0.726918 0.042428 -0.685412 18.834813 0.051007 0.998668 0.007722 4.196080 0.684827 -0.029348 -0.728115 1301.731096 0.000000 0.000000 0.000000 1.000000 
-0.727911 0.029090 -0.685054 18.776088 0.032584 0.999438 0.007816 4.213945 0.684896 -0.016632 -0.728451 1301.664775 0.000000 0.000000 0.000000 1.000000 
-0.727899 0.016863 -0.685477 18.807608 0.015929 0.999844 0.007682 4.246079 0.685499 -0.005327 -0.728054 1301.732028 0.000000 0.000000 0.000000 1.000000 
-0.727934 0.004266 -0.685634 18.809615 -0.001414 0.999969 0.007723 4.270742 0.685646 0.006592 -0.727906 1301.718767 0.000000 0.000000 0.000000 1.000000 
-0.727713 -0.008537 -0.685828 18.818561 -0.018988 0.999790 0.007702 4.309472 0.685618 0.018627 -0.727723 1301.733121 0.000000 0.000000 0.000000 1.000000 
-0.727386 -0.020863 -0.685912 18.813893 -0.035911 0.999325 0.007687 4.341999 0.685289 0.030223 -0.727644 1301.748550 0.000000 0.000000 0.000000 1.000000 
-0.726723 -0.033316 -0.686122 18.822625 -0.053032 0.998563 0.007683 4.375022 0.684880 0.041970 -0.727446 1301.801381 0.000000 0.000000 0.000000 1.000000 
-0.726017 -0.045581 -0.686164 18.808617 -0.069894 0.997525 0.007688 4.413543 0.684115 0.053540 -0.727406 1301.851764 0.000000 0.000000 0.000000 1.000000 
-0.725103 -0.058106 -0.686185 18.794126 -0.087050 0.996175 0.007631 4.451052 0.683117 0.065265 -0.727387 1301.880899 0.000000 0.000000 0.000000 1.000000 
-0.723867 -0.070542 -0.686324 18.794090 -0.104145 0.994533 0.007621 4.488538 0.682034 0.076994 -0.727256 1301.944530 0.000000 0.000000 0.000000 1.000000 
-0.722323 -0.083296 -0.686521 18.797436 -0.121547 0.992558 0.007458 4.532365 0.680791 0.088832 -0.727071 1302.029904 0.000000 0.000000 0.000000 1.000000 
-0.720338 -0.096132 -0.686930 18.840588 -0.139438 0.990201 0.007646 4.491088 0.679464 0.101292 -0.726684 1301.856141 0.000000 0.000000 0.000000 1.000000 
-0.718611 -0.108182 -0.686946 18.825356 -0.156068 0.987716 0.007714 4.514365 0.677673 0.112754 -0.726668 1301.870001 0.000000 0.000000 0.000000 1.000000 
-0.716573 -0.120942 -0.686947 18.804775 -0.173683 0.984771 0.007797 4.537002 0.675543 0.124898 -0.726665 1301.883910 0.000000 0.000000 0.000000 1.000000 
-0.714381 -0.133145 -0.686973 18.790279 -0.190533 0.981649 0.007877 4.560059 0.673318 0.136519 -0.726640 1301.913693 0.000000 0.000000 0.000000 1.000000 
-0.711915 -0.145620 -0.687002 18.771550 -0.207762 0.978147 0.007964 4.582923 0.670830 0.148402 -0.726612 1301.901809 0.000000 0.000000 0.000000 1.000000 
-0.709290 -0.157962 -0.686990 18.751645 -0.224797 0.974372 0.008052 4.602977 0.668112 0.160144 -0.726622 1301.934197 0.000000 0.000000 0.000000 1.000000 
-0.706546 -0.169705 -0.687018 18.733098 -0.241000 0.970491 0.008122 4.625204 0.665366 0.171310 -0.726595 1301.954716 0.000000 0.000000 0.000000 1.000000 
-0.703395 -0.182187 -0.687054 18.717153 -0.258211 0.966054 0.008182 4.641618 0.662241 0.183160 -0.726560 1301.968334 0.000000 0.000000 0.000000 1.000000 
-0.700275 -0.193863 -0.687046 18.694213 -0.274336 0.961598 0.008285 4.658317 0.659056 0.194283 -0.726566 1301.993864 0.000000 0.000000 0.000000 1.000000 
-0.696762 -0.206039 -0.687074 18.676126 -0.291135 0.956646 0.008362 4.681892 0.655564 0.205858 -0.726539 1302.015218 0.000000 0.000000 0.000000 1.000000 
-0.692876 -0.218675 -0.687098 18.655485 -0.308594 0.951156 0.008475 4.698186 0.651684 0.217907 -0.726515 1302.024367 0.000000 0.000000 0.000000 1.000000 
-0.688968 -0.230578 -0.687137 18.637247 -0.324998 0.945676 0.008531 4.719857 0.647842 0.229196 -0.726478 1302.032637 0.000000 0.000000 0.000000 1.000000 
-0.686197 -0.242657 -0.685749 18.466213 -0.341915 0.939682 0.009626 4.694710 0.642050 0.241073 -0.727775 1301.627687 0.000000 0.000000 0.000000 1.000000 
-0.680685 -0.253785 -0.687213 18.600902 -0.357015 0.934059 0.008679 4.753748 0.639695 0.251253 -0.726404 1302.083173 0.000000 0.000000 0.000000 1.000000 
-0.676024 -0.265887 -0.687237 18.578425 -0.373679 0.927517 0.008732 4.772719 0.635103 0.262709 -0.726380 1302.101036 0.000000 0.000000 0.000000 1.000000 
-0.671192 -0.277782 -0.687269 18.560527 -0.390072 0.920742 0.008798 4.788645 0.630354 0.273990 -0.726350 1302.107449 0.000000 0.000000 0.000000 1.000000 
-0.666541 -0.288674 -0.687306 18.538920 -0.405092 0.914233 0.008868 4.800499 0.625798 0.284334 -0.726313 1302.128566 0.000000 0.000000 0.000000 1.000000 
-0.662929 -0.300379 -0.685782 18.345422 -0.421230 0.906899 0.009962 4.806643 0.618943 0.295476 -0.727739 1301.668421 0.000000 0.000000 0.000000 1.000000 
-0.657554 -0.311739 -0.685887 18.332441 -0.436864 0.899472 0.010003 4.824265 0.613818 0.306217 -0.727639 1301.716591 0.000000 0.000000 0.000000 1.000000 
-0.652063 -0.322785 -0.686020 18.322227 -0.452107 0.891907 0.010071 4.844844 0.608615 0.316721 -0.727513 1301.773307 0.000000 0.000000 0.000000 1.000000 
-0.645804 -0.334680 -0.686241 18.319851 -0.468495 0.883409 0.010049 4.860267 0.602869 0.327990 -0.727305 1301.849946 0.000000 0.000000 0.000000 1.000000 
-0.638969 -0.345166 -0.687444 18.432479 -0.482918 0.875617 0.009217 4.871436 0.598756 0.337868 -0.726179 1302.234411 0.000000 0.000000 0.000000 1.000000 
-0.633649 -0.356721 -0.686469 18.291905 -0.498658 0.866742 0.009889 4.907315 0.591464 0.348579 -0.727092 1301.983057 0.000000 0.000000 0.000000 1.000000 
-0.627384 -0.367290 -0.686649 18.288541 -0.513732 0.857887 0.010505 4.824190 0.585209 0.359344 -0.726913 1301.977758 0.000000 0.000000 0.000000 1.000000 
-0.620236 -0.377987 -0.687338 18.345158 -0.528508 0.848869 0.010095 4.826145 0.579644 0.369524 -0.726268 1302.131550 0.000000 0.000000 0.000000 1.000000 
-0.613583 -0.388827 -0.687262 18.309899 -0.543152 0.839576 0.009922 4.868483 0.573150 0.379376 -0.726342 1302.208163 0.000000 0.000000 0.000000 1.000000 
-0.607218 -0.398779 -0.687213 18.282060 -0.556717 0.830643 0.009903 4.892436 0.566879 0.388596 -0.726389 1302.198959 0.000000 0.000000 0.000000 1.000000 
-0.600098 -0.409464 -0.687184 18.249329 -0.571332 0.820659 0.009931 4.917565 0.559877 0.398570 -0.726415 1302.227499 0.000000 0.000000 0.000000 1.000000 
-0.592703 -0.420064 -0.687204 18.224525 -0.585773 0.810415 0.009842 4.941288 0.552786 0.408379 -0.726398 1302.280696 0.000000 0.000000 0.000000 1.000000 
-0.585359 -0.430117 -0.687280 18.206580 -0.599597 0.800241 0.009868 4.959682 0.545746 0.417867 -0.726325 1302.286927 0.000000 0.000000 0.000000 1.000000 
-0.577449 -0.440844 -0.687175 18.161578 -0.614162 0.789119 0.009851 4.980038 0.537920 0.427725 -0.726425 1302.334150 0.000000 0.000000 0.000000 1.000000 
-0.570027 -0.450248 -0.687274 18.149690 -0.627071 0.778900 0.009820 5.000007 0.530897 0.436567 -0.726332 1302.357147 0.000000 0.000000 0.000000 1.000000 
-0.561627 -0.460536 -0.687374 18.130384 -0.641170 0.767337 0.009764 5.023579 0.522950 0.446207 -0.726238 1302.419427 0.000000 0.000000 0.000000 1.000000 
-0.553396 -0.470132 -0.687552 18.121743 -0.654338 0.756141 0.009631 5.050264 0.515359 0.455221 -0.726071 1302.489832 0.000000 0.000000 0.000000 1.000000 
-0.545188 -0.479454 -0.687673 18.107949 -0.667030 0.744971 0.009418 5.094475 0.507781 0.463833 -0.725960 1302.589605 0.000000 0.000000 0.000000 1.000000 
-0.536191 -0.489100 -0.687954 18.115054 -0.680885 0.732321 0.010039 5.000406 0.498893 0.473801 -0.725685 1302.538920 0.000000 0.000000 0.000000 1.000000 
-0.527613 -0.498268 -0.688007 18.094389 -0.693500 0.720386 0.010109 5.004522 0.490594 0.482467 -0.725633 1302.556334 0.000000 0.000000 0.000000 1.000000 
-0.519051 -0.507080 -0.688081 18.074202 -0.705622 0.708516 0.010144 5.013951 0.482373 0.490790 -0.725563 1302.589963 0.000000 0.000000 0.000000 1.000000 
-0.509582 -0.516516 -0.688141 18.049645 -0.718601 0.695348 0.010212 5.015603 0.473222 0.499702 -0.725505 1302.621976 0.000000 0.000000 0.000000 1.000000 
-0.501232 -0.524581 -0.688172 18.029359 -0.729659 0.683734 0.010251 5.019020 0.465150 0.507269 -0.725475 1302.638110 0.000000 0.000000 0.000000 1.000000 
-0.491541 -0.533615 -0.688216 18.001005 -0.742065 0.670248 0.010318 5.020695 0.455770 0.515773 -0.725432 1302.661268 0.000000 0.000000 0.000000 1.000000 
-0.482648 -0.541605 -0.688270 17.980162 -0.753030 0.657905 0.010351 5.022850 0.447210 0.523284 -0.725381 1302.685234 0.000000 0.000000 0.000000 1.000000 
-0.473047 -0.549962 -0.688309 17.959100 -0.764487 0.644555 0.010399 5.025439 0.437933 0.531123 -0.725343 1302.690367 0.000000 0.000000 0.000000 1.000000 
-0.463552 -0.557920 -0.688363 17.935319 -0.775416 0.631364 0.010452 5.027004 0.428777 0.538613 -0.725291 1302.714410 0.000000 0.000000 0.000000 1.000000 
-0.453955 -0.565752 -0.688367 17.904222 -0.786106 0.618002 0.010490 5.026608 0.419478 0.545892 -0.725287 1302.757589 0.000000 0.000000 0.000000 1.000000 
-0.443534 -0.573866 -0.688444 17.884394 -0.797239 0.603572 0.010507 5.030836 0.409496 0.553515 -0.725214 1302.770980 0.000000 0.000000 0.000000 1.000000 
-0.433858 -0.581178 -0.688476 17.861491 -0.807264 0.590095 0.010585 5.024120 0.400114 0.560375 -0.725182 1302.796789 0.000000 0.000000 0.000000 1.000000 
-0.423917 -0.588406 -0.688530 17.837977 -0.817166 0.576304 0.010617 5.023795 0.390555 0.567144 -0.725130 1302.819423 0.000000 0.000000 0.000000 1.000000 
-0.413223 -0.595926 -0.688563 17.808838 -0.827455 0.561430 0.010679 5.021641 0.380217 0.574168 -0.725098 1302.847146 0.000000 0.000000 0.000000 1.000000 
-0.403358 -0.602547 -0.688650 17.796349 -0.836556 0.547777 0.010703 5.022855 0.370778 0.580412 -0.725015 1302.847175 0.000000 0.000000 0.000000 1.000000 
-0.391919 -0.610008 -0.688687 17.764462 -0.846753 0.531877 0.010759 5.018732 0.359733 0.587365 -0.724979 1302.883562 0.000000 0.000000 0.000000 1.000000 
-0.381516 -0.616490 -0.688756 17.744614 -0.855625 0.517485 0.010759 5.016691 0.349788 0.593422 -0.724913 1302.903164 0.000000 0.000000 0.000000 1.000000 
-0.370736 -0.622973 -0.688811 17.720395 -0.864504 0.502510 0.010820 5.009657 0.339394 0.599491 -0.724860 1302.930754 0.000000 0.000000 0.000000 1.000000 
-0.359718 -0.629350 -0.688855 17.693801 -0.873213 0.487219 0.010857 5.005622 0.328790 0.605423 -0.724818 1302.964550 0.000000 0.000000 0.000000 1.000000 
-0.348665 -0.635501 -0.688891 17.671855 -0.881598 0.471876 0.010893 5.002475 0.318148 0.611123 -0.724783 1302.970772 0.000000 0.000000 0.000000 1.000000 
-0.336722 -0.641872 -0.688926 17.642412 -0.890258 0.455326 0.010899 5.001525 0.306690 0.616992 -0.724750 1303.000346 0.000000 0.000000 0.000000 1.000000 
-0.326566 -0.647053 -0.688968 17.618123 -0.897322 0.441242 0.010926 4.990020 0.296932 0.621794 -0.724709 1303.021145 0.000000 0.000000 0.000000 1.000000 
-0.314871 -0.652743 -0.689045 17.599982 -0.905106 0.425044 0.010952 4.987043 0.285726 0.627107 -0.724636 1303.025288 0.000000 0.000000 0.000000 1.000000 
-0.303439 -0.658084 -0.689094 17.575671 -0.912382 0.409194 0.010983 4.977984 0.274745 0.632049 -0.724589 1303.052245 0.000000 0.000000 0.000000 1.000000 
-0.292212 -0.662984 -0.689250 17.563997 -0.919168 0.393713 0.010978 4.975486 0.264088 0.636744 -0.724441 1303.094989 0.000000 0.000000 0.000000 1.000000 
-0.280184 -0.668122 -0.689282 17.536685 -0.926123 0.377063 0.010968 4.971194 0.252575 0.641433 -0.724410 1303.125189 0.000000 0.000000 0.000000 1.000000 
-0.268422 -0.672864 -0.689350 17.514353 -0.932589 0.360772 0.010992 4.957702 0.241302 0.645831 -0.724345 1303.144456 0.000000 0.000000 0.000000 1.000000 
-0.256438 -0.677454 -0.689416 17.492257 -0.938853 0.344141 0.011050 4.945672 0.229770 0.650094 -0.724281 1303.172867 0.000000 0.000000 0.000000 1.000000 
-0.244413 -0.681816 -0.689484 17.470530 -0.944786 0.327502 0.011054 4.935508 0.218271 0.654117 -0.724216 1303.188490 0.000000 0.000000 0.000000 1.000000 
-0.232441 -0.685940 -0.689535 17.446272 -0.950368 0.310931 0.011058 4.924384 0.206812 0.657882 -0.724168 1303.212334 0.000000 0.000000 0.000000 1.000000 
-0.219746 -0.690023 -0.689623 17.424854 -0.955937 0.293362 0.011074 4.913345 0.194667 0.661670 -0.724084 1303.224220 0.000000 0.000000 0.000000 1.000000 
-0.208554 -0.693436 -0.689675 17.403029 -0.960555 0.277869 0.011083 4.907408 0.183954 0.664782 -0.724034 1303.254182 0.000000 0.000000 0.000000 1.000000 
-0.195891 -0.697043 -0.689752 17.381481 -0.965458 0.260322 0.011118 4.891008 0.171808 0.668105 -0.723960 1303.273620 0.000000 0.000000 0.000000 1.000000 
-0.183521 -0.700344 -0.689810 17.359038 -0.969900 0.243254 0.011070 4.879744 0.160047 0.671078 -0.723905 1303.311534 0.000000 0.000000 0.000000 1.000000 
-0.171970 -0.703196 -0.689885 17.340665 -0.973775 0.227241 0.011111 4.865640 0.148957 0.673704 -0.723834 1303.325383 0.000000 0.000000 0.000000 1.000000 
-0.158842 -0.706206 -0.689958 17.319443 -0.977836 0.209078 0.011116 4.853433 0.136405 0.676432 -0.723764 1303.343858 0.000000 0.000000 0.000000 1.000000 
-0.146691 -0.708812 -0.689977 17.293189 -0.981283 0.192247 0.011128 4.834761 0.124758 0.678695 -0.723746 1303.367716 0.000000 0.000000 0.000000 1.000000 
-0.134140 -0.711196 -0.690078 17.275404 -0.984522 0.174910 0.011112 4.824506 0.112798 0.680887 -0.723650 1303.379734 0.000000 0.000000 0.000000 1.000000 
-0.121173 -0.713483 -0.690115 17.250317 -0.987545 0.156941 0.011141 4.805301 0.100358 0.682870 -0.723614 1303.389118 0.000000 0.000000 0.000000 1.000000 
-0.108475 -0.714978 -0.690681 17.281019 -0.990280 0.138558 0.012096 4.663052 0.087051 0.685280 -0.723058 1303.645342 0.000000 0.000000 0.000000 1.000000 
-0.095872 -0.717000 -0.690449 17.229905 -0.992534 0.121399 0.011750 4.691915 0.075395 0.686421 -0.723286 1303.562760 0.000000 0.000000 0.000000 1.000000 
-0.083713 -0.718519 -0.690451 17.202411 -0.994426 0.104803 0.011505 4.705475 0.064095 0.687566 -0.723288 1303.542587 0.000000 0.000000 0.000000 1.000000 
-0.070990 -0.719925 -0.690412 17.169241 -0.996160 0.086729 0.011990 4.608938 0.051247 0.688612 -0.723317 1303.585601 0.000000 0.000000 0.000000 1.000000 
-0.058772 -0.721093 -0.690341 17.135881 -0.997468 0.070161 0.011633 4.638854 0.040047 0.689277 -0.723390 1303.562997 0.000000 0.000000 0.000000 1.000000 
-0.046762 -0.722020 -0.690291 17.106363 -0.998485 0.053845 0.011320 4.661137 0.028995 0.689774 -0.723444 1303.496759 0.000000 0.000000 0.000000 1.000000 
-0.034082 -0.722707 -0.690314 17.085801 -0.999271 0.036534 0.011087 4.675639 0.017208 0.690188 -0.723425 1303.476570 0.000000 0.000000 0.000000 1.000000 
-0.021578 -0.723088 -0.690418 17.071090 -0.999752 0.019467 0.010858 4.686001 0.005589 0.690481 -0.723329 1303.487447 0.000000 0.000000 0.000000 1.000000 
-0.009147 -0.723323 -0.690449 17.048102 -0.999937 0.002171 0.010972 4.646080 -0.006438 0.690506 -0.723298 1303.509300 0.000000 0.000000 0.000000 1.000000 
0.003577 -0.723312 -0.690513 17.033391 -0.999824 -0.015314 0.010862 4.640003 -0.018431 0.690352 -0.723239 1303.519429 0.000000 0.000000 0.000000 1.000000 
0.016267 -0.723135 -0.690515 17.007396 -0.999406 -0.032753 0.010757 4.624578 -0.030396 0.689930 -0.723238 1303.505472 0.000000 0.000000 0.000000 1.000000 
0.028796 -0.722419 -0.690856 17.019691 -0.998672 -0.050329 0.011001 4.581328 -0.042717 0.689622 -0.722909 1303.632985 0.000000 0.000000 0.000000 1.000000 
0.041788 -0.721701 -0.690942 17.004298 -0.997606 -0.068276 0.010980 4.559101 -0.055100 0.688829 -0.722827 1303.644386 0.000000 0.000000 0.000000 1.000000 
0.054881 -0.721203 -0.690546 16.926821 -0.996183 -0.086560 0.011231 4.460060 -0.067873 0.687294 -0.723201 1303.668188 0.000000 0.000000 0.000000 1.000000 
0.067690 -0.720077 -0.690585 16.910783 -0.994510 -0.104061 0.011025 4.464669 -0.079802 0.686047 -0.723167 1303.614300 0.000000 0.000000 0.000000 1.000000 
0.080257 -0.718778 -0.690591 16.886324 -0.992558 -0.121287 0.010887 4.457546 -0.091585 0.684578 -0.723163 1303.608910 0.000000 0.000000 0.000000 1.000000 
0.092882 -0.717284 -0.690563 16.859330 -0.990298 -0.138546 0.010710 4.450687 -0.103356 0.682868 -0.723193 1303.593168 0.000000 0.000000 0.000000 1.000000 
0.105112 -0.715505 -0.690655 16.848232 -0.987807 -0.155323 0.010574 4.439379 -0.114840 0.681122 -0.723107 1303.597005 0.000000 0.000000 0.000000 1.000000 
0.117618 -0.713642 -0.690566 16.816382 -0.984957 -0.172481 0.010484 4.426163 -0.126591 0.678945 -0.723193 1303.557697 0.000000 0.000000 0.000000 1.000000 
0.129853 -0.710756 -0.691350 16.885585 -0.981751 -0.189863 0.010794 4.395950 -0.138934 0.677332 -0.722440 1303.770919 0.000000 0.000000 0.000000 1.000000 
0.142684 -0.708255 -0.691387 16.864684 -0.978157 -0.207586 0.010786 4.369137 -0.151161 0.674746 -0.722404 1303.777583 0.000000 0.000000 0.000000 1.000000 
0.155646 -0.706440 -0.690447 16.740432 -0.974408 -0.224558 0.010101 4.374653 -0.162181 0.671205 -0.723313 1303.507793 0.000000 0.000000 0.000000 1.000000 
0.167799 -0.703684 -0.690414 16.712426 -0.970429 -0.241180 0.009961 4.357809 -0.173523 0.668327 -0.723346 1303.464037 0.000000 0.000000 0.000000 1.000000 
0.180216 -0.700571 -0.690451 16.697527 -0.966013 -0.258301 0.009945 4.352301 -0.185312 0.665193 -0.723311 1303.445494 0.000000 0.000000 0.000000 1.000000 
0.192449 -0.697195 -0.690567 16.695140 -0.961398 -0.274990 0.009704 4.338498 -0.196665 0.662042 -0.723204 1303.490740 0.000000 0.000000 0.000000 1.000000 
0.204828 -0.693585 -0.690641 16.681844 -0.956389 -0.291941 0.009543 4.335974 -0.208245 0.658567 -0.723135 1303.482848 0.000000 0.000000 0.000000 1.000000 
0.216831 -0.689917 -0.690651 16.666743 -0.951256 -0.308264 0.009289 4.345854 -0.219311 0.654972 -0.723128 1303.449642 0.000000 0.000000 0.000000 1.000000 
0.228077 -0.685129 -0.691794 16.767553 -0.945525 -0.325380 0.010516 4.187492 -0.232301 0.651710 -0.722019 1303.875934 0.000000 0.000000 0.000000 1.000000 
0.240235 -0.680895 -0.691859 16.755877 -0.939593 -0.342134 0.010456 4.159104 -0.243828 0.647554 -0.721957 1303.878357 0.000000 0.000000 0.000000 1.000000 
0.251848 -0.676645 -0.691899 16.742058 -0.933612 -0.358135 0.010409 4.134769 -0.254837 0.643343 -0.721919 1303.906040 0.000000 0.000000 0.000000 1.000000 
0.263737 -0.672030 -0.691967 16.732499 -0.927158 -0.374527 0.010358 4.108070 -0.266121 0.638831 -0.721855 1303.903628 0.000000 0.000000 0.000000 1.000000 
0.275664 -0.667166 -0.692025 16.722259 -0.920351 -0.390957 0.010297 4.079828 -0.277422 0.634068 -0.721800 1303.912636 0.000000 0.000000 0.000000 1.000000 
0.287067 -0.662269 -0.692092 16.710859 -0.913496 -0.406718 0.010291 4.050522 -0.288302 0.629269 -0.721735 1303.922758 0.000000 0.000000 0.000000 1.000000 
0.299040 -0.656892 -0.692147 16.698585 -0.905970 -0.423217 0.010239 4.021193 -0.299655 0.624003 -0.721684 1303.928631 0.000000 0.000000 0.000000 1.000000 
0.310548 -0.651480 -0.692195 16.686963 -0.898399 -0.439063 0.010178 3.989149 -0.310548 0.618706 -0.721639 1303.945030 0.000000 0.000000 0.000000 1.000000 
0.321687 -0.646013 -0.692232 16.674736 -0.890735 -0.454410 0.010137 3.960447 -0.321106 0.613334 -0.721604 1303.951556 0.000000 0.000000 0.000000 1.000000 
0.332672 -0.640241 -0.692402 16.685458 -0.883039 -0.469201 0.009588 4.017451 -0.331015 0.608228 -0.721448 1303.802160 0.000000 0.000000 0.000000 1.000000 
0.343918 -0.634444 -0.692243 16.644195 -0.874771 -0.484445 0.009395 3.993568 -0.341314 0.602324 -0.721603 1303.862969 0.000000 0.000000 0.000000 1.000000 
0.355115 -0.628347 -0.692151 16.610914 -0.865771 -0.500340 0.010024 3.836693 -0.352609 0.595685 -0.721683 1304.053603 0.000000 0.000000 0.000000 1.000000 
0.365978 -0.622033 -0.692196 16.600635 -0.856976 -0.515261 0.009932 3.819692 -0.362840 0.589560 -0.721641 1304.020136 0.000000 0.000000 0.000000 1.000000 
0.376508 -0.615676 -0.692232 16.590830 -0.848123 -0.529708 0.009828 3.799773 -0.372732 0.583398 -0.721608 1304.009525 0.000000 0.000000 0.000000 1.000000 
0.387426 -0.608846 -0.692249 16.581490 -0.838618 -0.544635 0.009673 3.777716 -0.382912 0.576784 -0.721594 1304.015625 0.000000 0.000000 0.000000 1.000000 
0.397930 -0.602098 -0.692191 16.557717 -0.829184 -0.558896 0.009467 3.760762 -0.392563 0.570186 -0.721652 1304.003034 0.000000 0.000000 0.000000 1.000000 
0.408773 -0.594819 -0.692167 16.542784 -0.819023 -0.573685 0.009310 3.734721 -0.402624 0.563095 -0.721677 1303.988015 0.000000 0.000000 0.000000 1.000000 
0.419562 -0.587645 -0.691839 16.477149 -0.808670 -0.588190 0.009192 3.663959 -0.412334 0.555613 -0.721994 1304.139978 0.000000 0.000000 0.000000 1.000000 
0.429911 -0.580265 -0.691715 16.450427 -0.798356 -0.602120 0.008916 3.655864 -0.421669 0.548401 -0.722116 1304.098056 0.000000 0.000000 0.000000 1.000000 
0.439927 -0.572794 -0.691644 16.431840 -0.787967 -0.615657 0.008670 3.648104 -0.430782 0.541178 -0.722187 1304.047559 0.000000 0.000000 0.000000 1.000000 
0.452784 -0.566690 -0.688367 16.028250 -0.777372 -0.629008 0.006495 3.599318 -0.436669 0.532176 -0.725334 1303.268169 0.000000 0.000000 0.000000 1.000000 
0.459234 -0.557402 -0.691670 16.413132 -0.766755 -0.641888 0.008197 3.617177 -0.448543 0.526577 -0.722167 1303.932386 0.000000 0.000000 0.000000 1.000000 
0.467808 -0.549264 -0.692434 16.514480 -0.755824 -0.654717 0.008710 3.590572 -0.458132 0.519283 -0.721429 1303.916442 0.000000 0.000000 0.000000 1.000000 
0.477208 -0.540996 -0.692529 16.518373 -0.744455 -0.667618 0.008546 3.577462 -0.466968 0.511478 -0.721340 1303.907747 0.000000 0.000000 0.000000 1.000000 
0.486559 -0.532489 -0.692615 16.523342 -0.732691 -0.680509 0.008470 3.557709 -0.475840 0.503351 -0.721258 1303.912658 0.000000 0.000000 0.000000 1.000000 
0.495465 -0.523773 -0.692948 16.552923 -0.720379 -0.693521 0.009127 3.435281 -0.485354 0.494663 -0.720930 1304.063091 0.000000 0.000000 0.000000 1.000000 
0.504598 -0.514945 -0.692974 16.548792 -0.708103 -0.706051 0.009048 3.401101 -0.493934 0.486132 -0.720906 1304.047436 0.000000 0.000000 0.000000 1.000000 
0.513440 -0.506114 -0.692985 16.542593 -0.695799 -0.718181 0.008991 3.362908 -0.502239 0.477561 -0.720896 1304.063373 0.000000 0.000000 0.000000 1.000000 
0.522144 -0.497101 -0.693005 16.539207 -0.683258 -0.730122 0.008925 3.336839 -0.510415 0.468841 -0.720877 1304.059875 0.000000 0.000000 0.000000 1.000000 
0.530731 -0.487854 -0.693054 16.538083 -0.670429 -0.741921 0.008847 3.300140 -0.518507 0.459948 -0.720831 1304.036638 0.000000 0.000000 0.000000 1.000000 
0.539290 -0.478356 -0.693067 16.535160 -0.657224 -0.753644 0.008767 3.271580 -0.526520 0.450773 -0.720819 1304.066754 0.000000 0.000000 0.000000 1.000000 
0.547650 -0.468748 -0.693076 16.528488 -0.643827 -0.765121 0.008739 3.234750 -0.534384 0.441435 -0.720811 1304.072315 0.000000 0.000000 0.000000 1.000000 
0.555781 -0.458927 -0.693177 16.538837 -0.630254 -0.776340 0.008657 3.204122 -0.542114 0.432066 -0.720716 1304.057605 0.000000 0.000000 0.000000 1.000000 
0.563725 -0.449149 -0.693166 16.534669 -0.616652 -0.787189 0.008573 3.170069 -0.549504 0.422610 -0.720727 1304.068396 0.000000 0.000000 0.000000 1.000000 
0.571344 -0.439409 -0.693171 16.533051 -0.603104 -0.797617 0.008512 3.135408 -0.556625 0.413191 -0.720723 1304.066000 0.000000 0.000000 0.000000 1.000000 
0.578702 -0.429570 -0.693234 16.537340 -0.589493 -0.807730 0.008418 3.107776 -0.563562 0.403785 -0.720663 1304.061166 0.000000 0.000000 0.000000 1.000000 
0.586389 -0.419042 -0.693218 16.531157 -0.574837 -0.818225 0.008356 3.071114 -0.570710 0.393588 -0.720679 1304.059520 0.000000 0.000000 0.000000 1.000000 
0.593587 -0.408780 -0.693219 16.529028 -0.560582 -0.828057 0.008279 3.040526 -0.577410 0.383692 -0.720679 1304.074827 0.000000 0.000000 0.000000 1.000000 
0.600748 -0.398095 -0.693269 16.535322 -0.545776 -0.837891 0.008201 3.007371 -0.584149 0.373443 -0.720632 1304.065421 0.000000 0.000000 0.000000 1.000000 
0.607825 -0.387139 -0.693305 16.540186 -0.530575 -0.847599 0.008137 2.977100 -0.590795 0.362904 -0.720598 1304.052988 0.000000 0.000000 0.000000 1.000000 
0.614385 -0.376586 -0.693336 16.543502 -0.515978 -0.856564 0.008021 2.943263 -0.596907 0.352818 -0.720570 1304.053311 0.000000 0.000000 0.000000 1.000000 
0.621172 -0.365279 -0.693337 16.544921 -0.500272 -0.865832 0.007955 2.907540 -0.603219 0.341916 -0.720569 1304.050451 0.000000 0.000000 0.000000 1.000000 
0.627502 -0.354297 -0.693336 16.543928 -0.485045 -0.874454 0.007861 2.877060 -0.609076 0.331366 -0.720572 1304.061001 0.000000 0.000000 0.000000 1.000000 
0.633612 -0.343205 -0.693358 16.549517 -0.469641 -0.882823 0.007816 2.841141 -0.614795 0.320677 -0.720551 1304.047349 0.000000 0.000000 0.000000 1.000000 
0.639559 -0.331998 -0.693356 16.551825 -0.454061 -0.890937 0.007775 2.806261 -0.620317 0.309853 -0.720554 1304.042545 0.000000 0.000000 0.000000 1.000000 
0.645258 -0.320742 -0.693373 16.554679 -0.438505 -0.898696 0.007645 2.775679 -0.625584 0.299115 -0.720538 1304.046915 0.000000 0.000000 0.000000 1.000000 
0.650932 -0.309012 -0.693397 16.561845 -0.422235 -0.906455 0.007585 2.744646 -0.630877 0.287839 -0.720516 1304.042610 0.000000 0.000000 0.000000 1.000000 
0.656293 -0.297456 -0.693397 16.567858 -0.406204 -0.913751 0.007516 2.713021 -0.635828 0.276728 -0.720517 1304.028024 0.000000 0.000000 0.000000 1.000000 
0.661342 -0.286049 -0.693399 16.572279 -0.390404 -0.920614 0.007427 2.680123 -0.640478 0.265794 -0.720515 1304.024846 0.000000 0.000000 0.000000 1.000000 
0.666319 -0.274182 -0.693428 16.582125 -0.373970 -0.927412 0.007349 2.646676 -0.645108 0.254425 -0.720488 1304.009034 0.000000 0.000000 0.000000 1.000000 
0.671066 -0.262387 -0.693414 16.587875 -0.357630 -0.933835 0.007258 2.615897 -0.649439 0.243115 -0.720503 1304.011873 0.000000 0.000000 0.000000 1.000000 
0.675457 -0.250828 -0.693429 16.594327 -0.341593 -0.939820 0.007213 2.583644 -0.653508 0.231998 -0.720489 1303.988902 0.000000 0.000000 0.000000 1.000000 
0.679833 -0.238734 -0.693421 16.600917 -0.324851 -0.945739 0.007118 2.554325 -0.657494 0.220419 -0.720498 1303.982379 0.000000 0.000000 0.000000 1.000000 
0.683689 -0.227442 -0.693426 16.607611 -0.309222 -0.950964 0.007033 2.523934 -0.661022 0.209615 -0.720494 1303.974982 0.000000 0.000000 0.000000 1.000000 
0.687536 -0.215521 -0.693430 16.616043 -0.292713 -0.956175 0.006957 2.494488 -0.664540 0.198193 -0.720491 1303.981154 0.000000 0.000000 0.000000 1.000000 
0.691132 -0.203746 -0.693415 16.622349 -0.276418 -0.961013 0.006866 2.463283 -0.667780 0.186927 -0.720506 1303.962255 0.000000 0.000000 0.000000 1.000000 
0.694605 -0.191593 -0.693409 16.629847 -0.259595 -0.965694 0.006784 2.431836 -0.670921 0.175293 -0.720512 1303.979828 0.000000 0.000000 0.000000 1.000000 
0.697909 -0.179138 -0.693420 16.638188 -0.242339 -0.970168 0.006725 2.399347 -0.673939 0.163350 -0.720502 1303.952829 0.000000 0.000000 0.000000 1.000000 
0.701011 -0.166577 -0.693423 16.650660 -0.224952 -0.974347 0.006649 2.367165 -0.676743 0.151326 -0.720500 1303.933970 0.000000 0.000000 0.000000 1.000000 
0.703822 -0.154255 -0.693427 16.660437 -0.207903 -0.978127 0.006568 2.338079 -0.679273 0.139543 -0.720497 1303.935852 0.000000 0.000000 0.000000 1.000000 
0.706119 -0.142040 -0.693701 16.712868 -0.191341 -0.981504 0.006204 2.322042 -0.681752 0.128353 -0.720236 1303.964477 0.000000 0.000000 0.000000 1.000000 
0.708756 -0.129879 -0.693395 16.677751 -0.174158 -0.984697 0.006426 2.281774 -0.683619 0.116205 -0.720529 1303.899920 0.000000 0.000000 0.000000 1.000000 
0.710896 -0.117514 -0.693410 16.690452 -0.157076 -0.987566 0.006328 2.253204 -0.685532 0.104419 -0.720516 1303.889525 0.000000 0.000000 0.000000 1.000000 
0.712857 -0.104927 -0.693416 16.702132 -0.139685 -0.990176 0.006231 2.223120 -0.687257 0.092418 -0.720511 1303.888653 0.000000 0.000000 0.000000 1.000000 
0.714599 -0.092467 -0.693396 16.712718 -0.122423 -0.992459 0.006181 2.194115 -0.688738 0.080470 -0.720530 1303.872475 0.000000 0.000000 0.000000 1.000000 
0.716062 -0.080398 -0.693391 16.724081 -0.105733 -0.994376 0.006108 2.166319 -0.689982 0.068941 -0.720536 1303.855186 0.000000 0.000000 0.000000 1.000000 
0.717342 -0.067803 -0.693414 16.739017 -0.088327 -0.996073 0.006022 2.141357 -0.691100 0.056928 -0.720514 1303.852100 0.000000 0.000000 0.000000 1.000000 
0.718448 -0.055031 -0.693400 16.753717 -0.070655 -0.997483 0.005956 2.112678 -0.691982 0.044713 -0.720528 1303.830891 0.000000 0.000000 0.000000 1.000000 
0.719371 -0.042047 -0.693352 16.759185 -0.052739 -0.998591 0.005840 2.085848 -0.692621 0.032365 -0.720575 1303.822005 0.000000 0.000000 0.000000 1.000000 
0.720021 -0.029147 -0.693340 16.774525 -0.034883 -0.999375 0.005787 2.056680 -0.693075 0.020018 -0.720588 1303.799839 0.000000 0.000000 0.000000 1.000000 
0.720421 -0.016859 -0.693333 16.788225 -0.017876 -0.999824 0.005737 2.030363 -0.693307 0.008261 -0.720595 1303.777743 0.000000 0.000000 0.000000 1.000000 
0.720624 -0.003649 -0.693316 16.801205 0.000372 -0.999984 0.005649 2.000563 -0.693326 -0.004328 -0.720612 1303.768871 0.000000 0.000000 0.000000 1.000000 
0.720575 0.008626 -0.693323 16.817735 0.017335 -0.999834 0.005577 1.975479 -0.693160 -0.016037 -0.720605 1303.750896 0.000000 0.000000 0.000000 1.000000 
0.720367 0.021080 -0.693272 16.830025 0.034520 -0.999389 0.005481 1.954526 -0.692733 -0.027880 -0.720655 1303.744467 0.000000 0.000000 0.000000 1.000000 
0.719886 0.033714 -0.693273 16.846874 0.052003 -0.998632 0.005435 1.929063 -0.692142 -0.039965 -0.720654 1303.736248 0.000000 0.000000 0.000000 1.000000 
0.719243 0.046098 -0.693227 16.858819 0.069080 -0.997597 0.005335 1.905125 -0.691315 -0.051725 -0.720699 1303.720847 0.000000 0.000000 0.000000 1.000000 
0.718311 0.058985 -0.693218 16.874907 0.086873 -0.996206 0.005251 1.882852 -0.690277 -0.063994 -0.720709 1303.709843 0.000000 0.000000 0.000000 1.000000 
0.717168 0.071576 -0.693215 16.895055 0.104274 -0.994535 0.005189 1.852459 -0.689055 -0.076006 -0.720712 1303.688678 0.000000 0.000000 0.000000 1.000000 
0.715809 0.084132 -0.693209 16.912993 0.121574 -0.992569 0.005074 1.835598 -0.687631 -0.087908 -0.720719 1303.670048 0.000000 0.000000 0.000000 1.000000 
0.714240 0.096702 -0.693189 16.929063 0.138939 -0.990288 0.005011 1.814335 -0.685972 -0.099890 -0.720739 1303.657210 0.000000 0.000000 0.000000 1.000000 
0.712460 0.109179 -0.693167 16.945442 0.156180 -0.987716 0.004954 1.789284 -0.684111 -0.111788 -0.720760 1303.634638 0.000000 0.000000 0.000000 1.000000 
0.710344 0.122107 -0.693182 16.961406 0.174028 -0.984729 0.004873 1.768381 -0.682001 -0.124094 -0.720746 1303.620535 0.000000 0.000000 0.000000 1.000000 
0.708122 0.134507 -0.693160 16.979901 0.191159 -0.981547 0.004817 1.743134 -0.679721 -0.135914 -0.720768 1303.601841 0.000000 0.000000 0.000000 1.000000 
0.705716 0.146706 -0.693139 16.998428 0.208000 -0.978117 0.004752 1.721824 -0.677274 -0.147526 -0.720788 1303.574115 0.000000 0.000000 0.000000 1.000000 
0.702982 0.159459 -0.693102 17.015049 0.225584 -0.974213 0.004667 1.701042 -0.674484 -0.159633 -0.720825 1303.555588 0.000000 0.000000 0.000000 1.000000 
0.700250 0.171447 -0.693005 17.029447 0.242091 -0.970243 0.004587 1.679143 -0.671597 -0.170982 -0.720918 1303.566964 0.000000 0.000000 0.000000 1.000000 
0.697199 0.183341 -0.693037 17.047927 0.258488 -0.966004 0.004487 1.664532 -0.668654 -0.182270 -0.720888 1303.534455 0.000000 0.000000 0.000000 1.000000 
0.693927 0.195478 -0.693003 17.066954 0.275209 -0.961374 0.004397 1.647087 -0.665376 -0.193771 -0.720921 1303.507866 0.000000 0.000000 0.000000 1.000000 
0.690496 0.207359 -0.692977 17.088531 0.291645 -0.956516 0.004383 1.624996 -0.661935 -0.205130 -0.720946 1303.509006 0.000000 0.000000 0.000000 1.000000 
0.686852 0.219137 -0.692974 17.112760 0.307865 -0.951421 0.004280 1.612578 -0.658372 -0.216282 -0.720950 1303.480955 0.000000 0.000000 0.000000 1.000000 
0.682986 0.230999 -0.692943 17.131028 0.324230 -0.945969 0.004223 1.588358 -0.654526 -0.227557 -0.720980 1303.462310 0.000000 0.000000 0.000000 1.000000 
0.678914 0.242854 -0.692891 17.146168 0.340537 -0.940222 0.004126 1.574278 -0.650469 -0.238756 -0.721031 1303.459740 0.000000 0.000000 0.000000 1.000000 
0.674428 0.255023 -0.692900 17.172240 0.357356 -0.933959 0.004084 1.555042 -0.646099 -0.250366 -0.721022 1303.434889 0.000000 0.000000 0.000000 1.000000 
0.669729 0.267176 -0.692878 17.190553 0.374094 -0.927382 0.003994 1.538275 -0.641496 -0.261876 -0.721044 1303.399920 0.000000 0.000000 0.000000 1.000000 
0.664936 0.278945 -0.692857 17.214090 0.390321 -0.920671 0.003928 1.516959 -0.636797 -0.273048 -0.721065 1303.380092 0.000000 0.000000 0.000000 1.000000 
0.660049 0.290461 -0.692797 17.235043 0.406198 -0.913777 0.003890 1.502490 -0.631932 -0.283980 -0.721122 1303.357762 0.000000 0.000000 0.000000 1.000000 
0.654805 0.302123 -0.692786 17.252711 0.422274 -0.906460 0.003818 1.488779 -0.626829 -0.295046 -0.721133 1303.341423 0.000000 0.000000 0.000000 1.000000 
0.649499 0.313491 -0.692730 17.272816 0.437908 -0.899012 0.003737 1.473327 -0.621601 -0.305779 -0.721188 1303.313218 0.000000 0.000000 0.000000 1.000000 
0.643964 0.324791 -0.692692 17.292280 0.453468 -0.891265 0.003670 1.456582 -0.616180 -0.316477 -0.721225 1303.302024 0.000000 0.000000 0.000000 1.000000 
0.638281 0.335876 -0.692665 17.315935 0.468756 -0.883320 0.003626 1.446244 -0.610627 -0.327005 -0.721250 1303.277465 0.000000 0.000000 0.000000 1.000000 
0.632413 0.346881 -0.692624 17.337375 0.483899 -0.875117 0.003556 1.430227 -0.604893 -0.337409 -0.721290 1303.255470 0.000000 0.000000 0.000000 1.000000 
0.626008 0.358352 -0.692602 17.362842 0.499713 -0.866184 0.003501 1.416445 -0.598667 -0.348294 -0.721311 1303.229603 0.000000 0.000000 0.000000 1.000000 
0.619699 0.369285 -0.692533 17.380730 0.514752 -0.857332 0.003452 1.408748 -0.592456 -0.358622 -0.721378 1303.222521 0.000000 0.000000 0.000000 1.000000 
0.613017 0.380273 -0.692533 17.407800 0.529869 -0.848073 0.003350 1.394329 -0.586045 -0.369005 -0.721378 1303.185805 0.000000 0.000000 0.000000 1.000000 
0.606430 0.390839 -0.692451 17.424397 0.544384 -0.838830 0.003298 1.386425 -0.579559 -0.378959 -0.721458 1303.186521 0.000000 0.000000 0.000000 1.000000 
0.599606 0.401258 -0.692434 17.451391 0.558745 -0.829333 0.003250 1.378009 -0.572954 -0.388842 -0.721474 1303.152246 0.000000 0.000000 0.000000 1.000000 
0.592201 0.412211 -0.692372 17.474088 0.573806 -0.818985 0.003198 1.365038 -0.565724 -0.399181 -0.721533 1303.146116 0.000000 0.000000 0.000000 1.000000 
0.584988 0.422452 -0.692332 17.494811 0.587895 -0.808931 0.003144 1.355750 -0.558721 -0.408858 -0.721573 1303.101836 0.000000 0.000000 0.000000 1.000000 
0.577548 0.432619 -0.692300 17.517097 0.601903 -0.798563 0.003111 1.350798 -0.551499 -0.418494 -0.721603 1303.079806 0.000000 0.000000 0.000000 1.000000 
0.570205 0.442327 -0.692252 17.542134 0.615217 -0.788352 0.003019 1.338541 -0.544403 -0.427607 -0.721649 1303.065362 0.000000 0.000000 0.000000 1.000000 
0.562584 0.452057 -0.692202 17.562594 0.628600 -0.777723 0.002983 1.327894 -0.536993 -0.436797 -0.721698 1303.053499 0.000000 0.000000 0.000000 1.000000 
0.554529 0.461962 -0.692162 17.587362 0.642218 -0.766517 0.002927 1.323808 -0.529201 -0.446142 -0.721736 1303.031159 0.000000 0.000000 0.000000 1.000000 
0.546406 0.471617 -0.692111 17.609883 0.655488 -0.755200 0.002886 1.318479 -0.521321 -0.455247 -0.721785 1303.002601 0.000000 0.000000 0.000000 1.000000 
0.537913 0.481331 -0.692076 17.636155 0.668860 -0.743383 0.002854 1.310029 -0.513104 -0.464437 -0.721819 1302.964703 0.000000 0.000000 0.000000 1.000000 
0.529295 0.490905 -0.691996 17.658753 0.681993 -0.731353 0.002819 1.303672 -0.504710 -0.473429 -0.721895 1302.953206 0.000000 0.000000 0.000000 1.000000 
0.520758 0.499997 -0.691964 17.679006 0.694498 -0.719490 0.002779 1.297849 -0.496471 -0.482014 -0.721927 1302.942142 0.000000 0.000000 0.000000 1.000000 
0.511716 0.509326 -0.691906 17.705200 0.707262 -0.706946 0.002676 1.296858 -0.487777 -0.490729 -0.721982 1302.897337 0.000000 0.000000 0.000000 1.000000 
0.502888 0.518085 -0.691876 17.728419 0.719302 -0.694693 0.002628 1.291545 -0.479279 -0.498989 -0.722012 1302.897026 0.000000 0.000000 0.000000 1.000000 
0.494063 0.526589 -0.691814 17.748340 0.730978 -0.682396 0.002612 1.288064 -0.470716 -0.506991 -0.722071 1302.876264 0.000000 0.000000 0.000000 1.000000 
0.484711 0.535240 -0.691790 17.774405 0.742881 -0.669418 0.002578 1.285647 -0.461717 -0.515167 -0.722094 1302.850595 0.000000 0.000000 0.000000 1.000000 
0.475719 0.543309 -0.691741 17.800630 0.753961 -0.656914 0.002554 1.286813 -0.453027 -0.522761 -0.722141 1302.821707 0.000000 0.000000 0.000000 1.000000 
0.466193 0.551563 -0.691695 17.824679 0.765302 -0.643667 0.002538 1.283097 -0.443821 -0.530539 -0.722185 1302.795004 0.000000 0.000000 0.000000 1.000000 
0.456519 0.559667 -0.691638 17.845339 0.776395 -0.630242 0.002478 1.281804 -0.434512 -0.538116 -0.722240 1302.782541 0.000000 0.000000 0.000000 1.000000 
0.446992 0.567343 -0.691607 17.869761 0.786935 -0.617031 0.002437 1.285032 -0.425360 -0.545340 -0.722270 1302.761102 0.000000 0.000000 0.000000 1.000000 
0.436992 0.575172 -0.691531 17.891658 0.797654 -0.603110 0.002424 1.279221 -0.415675 -0.552662 -0.722343 1302.737261 0.000000 0.000000 0.000000 1.000000 
0.426779 0.582821 -0.691505 17.916709 0.808158 -0.588961 0.002380 1.279068 -0.405883 -0.559861 -0.722367 1302.721485 0.000000 0.000000 0.000000 1.000000 
0.416419 0.590334 -0.691448 17.942894 0.818460 -0.574558 0.002374 1.280733 -0.395876 -0.566911 -0.722423 1302.693235 0.000000 0.000000 0.000000 1.000000 
