-0.522580 0.210777 -0.826125 32.686598 0.370037 0.929012 0.002954 15.786936 0.768103 -0.304153 -0.563479 1280.979315 0.000000 0.000000 0.000000 1.000000 
-0.522592 0.210766 -0.826120 32.684678 0.370017 0.929020 0.002952 15.785515 0.768105 -0.304136 -0.563486 1280.963804 0.000000 0.000000 0.000000 1.000000 
-0.524496 0.206073 -0.826098 32.681993 0.361624 0.932319 0.002973 15.801074 0.770800 -0.297177 -0.563519 1280.986114 0.000000 0.000000 0.000000 1.000000 
-0.528111 0.196656 -0.826090 32.674224 0.344743 0.938692 0.003072 15.834987 0.776049 -0.283166 -0.563529 1280.973258 0.000000 0.000000 0.000000 1.000000 
-0.531305 0.187805 -0.826102 32.671664 0.328926 0.944351 0.003140 15.863961 0.780720 -0.270058 -0.563511 1280.974544 0.000000 0.000000 0.000000 1.000000 
-0.534400 0.178910 -0.826080 32.664894 0.312977 0.949755 0.003227 15.892521 0.785151 -0.256819 -0.563543 1280.988934 0.000000 0.000000 0.000000 1.000000 
-0.537592 0.169052 -0.826085 32.660487 0.295416 0.955363 0.003260 15.927493 0.789762 -0.242286 -0.563536 1280.989378 0.000000 0.000000 0.000000 1.000000 
-0.540324 0.160185 -0.826069 32.654886 0.279514 0.960136 0.003355 15.955365 0.793676 -0.229085 -0.563559 1281.010900 0.000000 0.000000 0.000000 1.000000 
-0.543026 0.150781 -0.826068 32.648694 0.262672 0.964879 0.003447 15.985234 0.797575 -0.215113 -0.563561 1281.012185 0.000000 0.000000 0.000000 1.000000 
-0.545503 0.141530 -0.826073 32.642647 0.246164 0.969222 0.003500 16.013880 0.801143 -0.201440 -0.563553 1281.019500 0.000000 0.000000 0.000000 1.000000 
-0.547752 0.132634 -0.826060 32.634076 0.230230 0.973130 0.003585 16.042905 0.804339 -0.188220 -0.563570 1281.027843 0.000000 0.000000 0.000000 1.000000 
-0.549969 0.123094 -0.826064 32.628423 0.213196 0.977003 0.003646 16.076848 0.807515 -0.174109 -0.563565 1281.036190 0.000000 0.000000 0.000000 1.000000 
-0.551907 0.114033 -0.826072 32.621651 0.196947 0.980407 0.003755 16.104609 0.810315 -0.160620 -0.563552 1281.033359 0.000000 0.000000 0.000000 1.000000 
-0.553808 0.104548 -0.826055 32.610793 0.180003 0.983659 0.003817 16.130026 0.812955 -0.146578 -0.563577 1281.055864 0.000000 0.000000 0.000000 1.000000 
-0.555505 0.095156 -0.826050 32.601569 0.163201 0.986585 0.003899 16.161022 0.815340 -0.132647 -0.563583 1281.060480 0.000000 0.000000 0.000000 1.000000 
-0.557029 0.085651 -0.826064 32.596156 0.146217 0.989244 0.003973 16.187149 0.817520 -0.118572 -0.563562 1281.082632 0.000000 0.000000 0.000000 1.000000 
-0.560565 0.076711 -0.824550 32.358962 0.128176 0.991738 0.005126 16.190680 0.818131 -0.102814 -0.565766 1281.234845 0.000000 0.000000 0.000000 1.000000 
-0.559674 0.066338 -0.826053 32.576506 0.111653 0.993739 0.004157 16.241814 0.821157 -0.089905 -0.563577 1281.105355 0.000000 0.000000 0.000000 1.000000 
-0.561478 0.057191 -0.825513 32.530009 0.095443 0.995427 0.004046 16.314982 0.821969 -0.076518 -0.564369 1281.311064 0.000000 0.000000 0.000000 1.000000 
-0.563526 0.048196 -0.824692 32.352751 0.077520 0.996977 0.005295 16.271023 0.822453 -0.060946 -0.565558 1281.199698 0.000000 0.000000 0.000000 1.000000 
-0.563869 0.038997 -0.824943 32.383474 0.061207 0.998111 0.005347 16.301122 0.823593 -0.047477 -0.565191 1281.226354 0.000000 0.000000 0.000000 1.000000 
-0.564894 0.028682 -0.824665 32.312020 0.042791 0.999069 0.005436 16.318748 0.824053 -0.032218 -0.565596 1281.173915 0.000000 0.000000 0.000000 1.000000 
-0.564818 0.019150 -0.824993 32.357285 0.026142 0.999644 0.005307 16.351285 0.824802 -0.018569 -0.565117 1281.232580 0.000000 0.000000 0.000000 1.000000 
-0.564886 0.009387 -0.825115 32.356511 0.008801 0.999947 0.005351 16.375819 0.825122 -0.004239 -0.564939 1281.218955 0.000000 0.000000 0.000000 1.000000 
-0.564744 -0.000554 -0.825266 32.368461 -0.008773 0.999947 0.005332 16.414620 0.825220 0.010251 -0.564719 1281.230691 0.000000 0.000000 0.000000 1.000000 
-0.564558 -0.010123 -0.825331 32.367316 -0.025700 0.999656 0.005319 16.447307 0.824993 0.024213 -0.564624 1281.246443 0.000000 0.000000 0.000000 1.000000 
-0.564063 -0.019787 -0.825494 32.387245 -0.042828 0.999068 0.005317 16.480739 0.824620 0.038353 -0.564385 1281.295869 0.000000 0.000000 0.000000 1.000000 
-0.563601 -0.029305 -0.825527 32.384456 -0.059699 0.998202 0.005323 16.519779 0.823887 0.052283 -0.564337 1281.347702 0.000000 0.000000 0.000000 1.000000 
-0.562986 -0.039044 -0.825543 32.376658 -0.076868 0.997027 0.005266 16.557624 0.822884 0.066423 -0.564314 1281.378891 0.000000 0.000000 0.000000 1.000000 
-0.562075 -0.048698 -0.825651 32.390342 -0.093979 0.995560 0.005258 16.595664 0.821729 0.080550 -0.564156 1281.440695 0.000000 0.000000 0.000000 1.000000 
-0.560898 -0.058640 -0.825805 32.411993 -0.111400 0.993763 0.005098 16.640215 0.820355 0.094855 -0.563932 1281.522958 0.000000 0.000000 0.000000 1.000000 
-0.559310 -0.068531 -0.826121 32.416921 -0.129313 0.991590 0.005292 16.597173 0.818810 0.109788 -0.563468 1281.344402 0.000000 0.000000 0.000000 1.000000 
-0.558069 -0.077868 -0.826133 32.405085 -0.145968 0.989275 0.005360 16.620657 0.816855 0.123580 -0.563449 1281.360963 0.000000 0.000000 0.000000 1.000000 
-0.556599 -0.087753 -0.826134 32.388032 -0.163612 0.986510 0.005443 16.643534 0.814511 0.138195 -0.563448 1281.378721 0.000000 0.000000 0.000000 1.000000 
-0.554997 -0.097208 -0.826153 32.380312 -0.180494 0.983561 0.005524 16.666935 0.812035 0.152181 -0.563419 1281.410683 0.000000 0.000000 0.000000 1.000000 
-0.553184 -0.106873 -0.826175 32.359566 -0.197757 0.980235 0.005611 16.689802 0.809246 0.166486 -0.563385 1281.402845 0.000000 0.000000 0.000000 1.000000 
-0.551265 -0.116441 -0.826165 32.347106 -0.214830 0.976635 0.005699 16.710253 0.806198 0.180627 -0.563399 1281.438536 0.000000 0.000000 0.000000 1.000000 
-0.549231 -0.125545 -0.826186 32.333450 -0.231072 0.972919 0.005769 16.732766 0.803088 0.194078 -0.563367 1281.462322 0.000000 0.000000 0.000000 1.000000 
-0.546885 -0.135229 -0.826214 32.320840 -0.248328 0.968658 0.005830 16.749390 0.799531 0.208361 -0.563326 1281.478866 0.000000 0.000000 0.000000 1.000000 
-0.544578 -0.144279 -0.826207 32.303938 -0.264499 0.964368 0.005933 16.766445 0.795912 0.221761 -0.563335 1281.508537 0.000000 0.000000 0.000000 1.000000 
-0.541955 -0.153724 -0.826229 32.290914 -0.281347 0.959587 0.006010 16.790310 0.791914 0.235714 -0.563303 1281.533027 0.000000 0.000000 0.000000 1.000000 
-0.539053 -0.163520 -0.826246 32.272762 -0.298862 0.954277 0.006124 16.806803 0.787466 0.250235 -0.563276 1281.546209 0.000000 0.000000 0.000000 1.000000 
-0.536117 -0.172760 -0.826276 32.256792 -0.315322 0.948965 0.006180 16.828651 0.783039 0.263856 -0.563232 1281.557966 0.000000 0.000000 0.000000 1.000000 
-0.534711 -0.182050 -0.825192 32.003202 -0.332304 0.943144 0.007255 16.800963 0.776955 0.278094 -0.564805 1281.199086 0.000000 0.000000 0.000000 1.000000 
-0.529885 -0.190772 -0.826334 32.232195 -0.347455 0.937675 0.006329 16.863193 0.773626 0.290468 -0.563145 1281.614759 0.000000 0.000000 0.000000 1.000000 
-0.526375 -0.200176 -0.826353 32.214119 -0.364186 0.931304 0.006382 16.882449 0.768308 0.304305 -0.563117 1281.636819 0.000000 0.000000 0.000000 1.000000 
-0.522730 -0.209416 -0.826377 32.198063 -0.380647 0.924698 0.006449 16.898534 0.762798 0.317929 -0.563081 1281.646746 0.000000 0.000000 0.000000 1.000000 
-0.519216 -0.217875 -0.826405 32.181504 -0.395734 0.918342 0.006519 16.910698 0.757502 0.330422 -0.563038 1281.671869 0.000000 0.000000 0.000000 1.000000 
-0.517211 -0.226961 -0.825216 31.894311 -0.411951 0.911174 0.007592 16.913947 0.750193 0.343875 -0.564766 1281.263553 0.000000 0.000000 0.000000 1.000000 
-0.513113 -0.235796 -0.825298 31.891974 -0.427660 0.903907 0.007634 16.932064 0.744192 0.356864 -0.564647 1281.313209 0.000000 0.000000 0.000000 1.000000 
-0.508917 -0.244374 -0.825400 31.894175 -0.442980 0.896498 0.007704 16.953197 0.738087 0.369557 -0.564496 1281.370594 0.000000 0.000000 0.000000 1.000000 
-0.504090 -0.253624 -0.825572 31.908264 -0.459454 0.888169 0.007685 16.969302 0.731297 0.383186 -0.564245 1281.445822 0.000000 0.000000 0.000000 1.000000 
-0.498345 -0.261791 -0.826510 32.100368 -0.473952 0.880524 0.006870 16.983173 0.725963 0.395149 -0.562881 1281.797285 0.000000 0.000000 0.000000 1.000000 
-0.494763 -0.270828 -0.825749 31.909541 -0.489785 0.871811 0.007529 17.017672 0.717858 0.408165 -0.563987 1281.581364 0.000000 0.000000 0.000000 1.000000 
-0.490035 -0.278891 -0.825885 31.904806 -0.504949 0.863111 0.008148 16.934525 0.710558 0.421023 -0.563780 1281.577717 0.000000 0.000000 0.000000 1.000000 
-0.484295 -0.287203 -0.826422 31.992939 -0.519814 0.854244 0.007747 16.937493 0.703741 0.433337 -0.562998 1281.715865 0.000000 0.000000 0.000000 1.000000 
-0.479237 -0.295727 -0.826364 31.974999 -0.534553 0.845101 0.007573 16.980703 0.696121 0.445365 -0.563086 1281.797819 0.000000 0.000000 0.000000 1.000000 
-0.474408 -0.303517 -0.826326 31.945929 -0.548209 0.836307 0.007553 17.004736 0.688770 0.456583 -0.563142 1281.794532 0.000000 0.000000 0.000000 1.000000 
-0.469001 -0.311866 -0.826304 31.920137 -0.562926 0.826473 0.007581 17.030303 0.680553 0.468703 -0.563174 1281.829150 0.000000 0.000000 0.000000 1.000000 
-0.463345 -0.320168 -0.826319 31.907346 -0.577471 0.816377 0.007492 17.054633 0.672189 0.480647 -0.563152 1281.886179 0.000000 0.000000 0.000000 1.000000 
-0.457725 -0.328004 -0.826378 31.891213 -0.591398 0.806344 0.007519 17.073185 0.663880 0.492160 -0.563065 1281.895915 0.000000 0.000000 0.000000 1.000000 
-0.451722 -0.336423 -0.826297 31.857401 -0.606077 0.795371 0.007500 17.094213 0.654689 0.504187 -0.563185 1281.951449 0.000000 0.000000 0.000000 1.000000 
-0.446019 -0.343763 -0.826374 31.850769 -0.619089 0.785285 0.007471 17.114451 0.646371 0.514932 -0.563072 1281.976256 0.000000 0.000000 0.000000 1.000000 
-0.439561 -0.351801 -0.826452 31.845285 -0.633306 0.773866 0.007417 17.138678 0.636954 0.526657 -0.562959 1282.040988 0.000000 0.000000 0.000000 1.000000 
-0.433190 -0.359296 -0.826591 31.851966 -0.646587 0.762805 0.007285 17.166027 0.627910 0.537619 -0.562756 1282.111351 0.000000 0.000000 0.000000 1.000000 
-0.426836 -0.366609 -0.826686 31.859946 -0.659393 0.751765 0.007075 17.211186 0.618880 0.548130 -0.562619 1282.211333 0.000000 0.000000 0.000000 1.000000 
-0.419995 -0.373953 -0.826899 31.855715 -0.673377 0.739259 0.007700 17.116638 0.608414 0.560049 -0.562297 1282.161221 0.000000 0.000000 0.000000 1.000000 
-0.413434 -0.381107 -0.826940 31.839256 -0.686113 0.727453 0.007770 17.121026 0.598599 0.570587 -0.562236 1282.182601 0.000000 0.000000 0.000000 1.000000 
-0.406870 -0.387985 -0.826997 31.826745 -0.698356 0.715708 0.007806 17.130866 0.588860 0.580714 -0.562152 1282.219668 0.000000 0.000000 0.000000 1.000000 
-0.399620 -0.395353 -0.827043 31.809591 -0.711469 0.702673 0.007875 17.132940 0.578027 0.591563 -0.562084 1282.256165 0.000000 0.000000 0.000000 1.000000 
-0.393227 -0.401662 -0.827067 31.793228 -0.722646 0.691173 0.007914 17.136616 0.568468 0.600789 -0.562047 1282.276221 0.000000 0.000000 0.000000 1.000000 
-0.385808 -0.408725 -0.827101 31.770473 -0.735190 0.677815 0.007982 17.138657 0.557358 0.611156 -0.561997 1282.304876 0.000000 0.000000 0.000000 1.000000 
-0.378988 -0.414975 -0.827142 31.755233 -0.746280 0.665584 0.008016 17.141142 0.547206 0.620317 -0.561936 1282.332715 0.000000 0.000000 0.000000 1.000000 
-0.371631 -0.421518 -0.827172 31.735761 -0.757874 0.652351 0.008065 17.143898 0.536207 0.629889 -0.561891 1282.342197 0.000000 0.000000 0.000000 1.000000 
-0.364350 -0.427746 -0.827214 31.717663 -0.768937 0.639274 0.008118 17.145812 0.525343 0.639033 -0.561829 1282.370743 0.000000 0.000000 0.000000 1.000000 
-0.356999 -0.433895 -0.827216 31.696494 -0.779763 0.626021 0.008156 17.145973 0.514316 0.647945 -0.561825 1282.419563 0.000000 0.000000 0.000000 1.000000 
-0.348990 -0.440251 -0.827276 31.679995 -0.791043 0.611705 0.008175 17.150433 0.502450 0.657264 -0.561737 1282.436834 0.000000 0.000000 0.000000 1.000000 
-0.341577 -0.445982 -0.827300 31.663101 -0.801206 0.598332 0.008253 17.144076 0.491319 0.665657 -0.561700 1282.466999 0.000000 0.000000 0.000000 1.000000 
-0.333942 -0.451652 -0.827341 31.644956 -0.811249 0.584642 0.008286 17.144085 0.479956 0.673947 -0.561638 1282.494130 0.000000 0.000000 0.000000 1.000000 
-0.325740 -0.457557 -0.827367 31.622394 -0.821689 0.569875 0.008348 17.142342 0.467676 0.682558 -0.561600 1282.527450 0.000000 0.000000 0.000000 1.000000 
-0.318150 -0.462746 -0.827434 31.610205 -0.830930 0.556314 0.008373 17.143629 0.456439 0.690203 -0.561500 1282.530130 0.000000 0.000000 0.000000 1.000000 
-0.309370 -0.468611 -0.827462 31.586799 -0.841289 0.540520 0.008430 17.140010 0.443309 0.698743 -0.561458 1282.572520 0.000000 0.000000 0.000000 1.000000 
-0.301362 -0.473707 -0.827516 31.571583 -0.850307 0.526219 0.008431 17.138255 0.431461 0.706184 -0.561379 1282.595923 0.000000 0.000000 0.000000 1.000000 
-0.293081 -0.478803 -0.827558 31.553782 -0.859339 0.511335 0.008492 17.131603 0.419093 0.713642 -0.561317 1282.628113 0.000000 0.000000 0.000000 1.000000 
-0.284613 -0.483826 -0.827592 31.534995 -0.868204 0.496134 0.008530 17.128018 0.406469 0.720946 -0.561266 1282.666841 0.000000 0.000000 0.000000 1.000000 
-0.276117 -0.488678 -0.827619 31.514870 -0.876746 0.480877 0.008567 17.125052 0.393797 0.727977 -0.561224 1282.677631 0.000000 0.000000 0.000000 1.000000 
-0.266927 -0.493713 -0.827646 31.492412 -0.885575 0.464416 0.008573 17.124532 0.380140 0.735231 -0.561185 1282.712813 0.000000 0.000000 0.000000 1.000000 
-0.259113 -0.497803 -0.827679 31.473075 -0.892783 0.450406 0.008601 17.113351 0.368510 0.741166 -0.561136 1282.738426 0.000000 0.000000 0.000000 1.000000 
-0.250108 -0.502291 -0.827738 31.456225 -0.900733 0.434288 0.008628 17.110515 0.355143 0.747728 -0.561049 1282.746372 0.000000 0.000000 0.000000 1.000000 
-0.241310 -0.506514 -0.827776 31.438191 -0.908170 0.418513 0.008659 17.101833 0.342049 0.753850 -0.560992 1282.777982 0.000000 0.000000 0.000000 1.000000 
-0.232642 -0.510358 -0.827896 31.435896 -0.915114 0.403102 0.008657 17.099776 0.329309 0.759633 -0.560815 1282.822255 0.000000 0.000000 0.000000 1.000000 
-0.223373 -0.514442 -0.827921 31.415640 -0.922239 0.386524 0.008647 17.095907 0.315563 0.765473 -0.560778 1282.857626 0.000000 0.000000 0.000000 1.000000 
-0.214313 -0.518198 -0.827974 31.397882 -0.928872 0.370300 0.008672 17.082714 0.302105 0.770940 -0.560699 1282.881344 0.000000 0.000000 0.000000 1.000000 
-0.205089 -0.521837 -0.828025 31.382310 -0.935306 0.353733 0.008731 17.071061 0.288344 0.776247 -0.560624 1282.913931 0.000000 0.000000 0.000000 1.000000 
-0.195817 -0.525303 -0.828077 31.364378 -0.941408 0.337156 0.008736 17.061159 0.274603 0.781269 -0.560546 1282.933927 0.000000 0.000000 0.000000 1.000000 
-0.186587 -0.528591 -0.828116 31.345724 -0.947160 0.320643 0.008741 17.050385 0.260909 0.785989 -0.560488 1282.962505 0.000000 0.000000 0.000000 1.000000 
-0.176796 -0.531840 -0.828184 31.327293 -0.952909 0.303131 0.008758 17.039575 0.246391 0.790732 -0.560388 1282.978792 0.000000 0.000000 0.000000 1.000000 
-0.168166 -0.534569 -0.828225 31.312340 -0.957685 0.287686 0.008768 17.034028 0.233582 0.794653 -0.560327 1283.012777 0.000000 0.000000 0.000000 1.000000 
-0.158404 -0.537451 -0.828284 31.295373 -0.962767 0.270191 0.008804 17.017923 0.219063 0.798839 -0.560239 1283.036523 0.000000 0.000000 0.000000 1.000000 
-0.148846 -0.540107 -0.828329 31.281494 -0.967383 0.253168 0.008756 17.007121 0.204977 0.802615 -0.560173 1283.078461 0.000000 0.000000 0.000000 1.000000 
-0.139942 -0.542394 -0.828387 31.266445 -0.971422 0.237196 0.008799 16.993246 0.191717 0.805945 -0.560087 1283.096047 0.000000 0.000000 0.000000 1.000000 
-0.129809 -0.544822 -0.828444 31.249606 -0.975668 0.219075 0.008804 16.981324 0.176695 0.809429 -0.560003 1283.118742 0.000000 0.000000 0.000000 1.000000 
-0.120436 -0.546949 -0.828458 31.228976 -0.979288 0.202280 0.008817 16.963013 0.162758 0.812361 -0.559982 1283.147832 0.000000 0.000000 0.000000 1.000000 
-0.110738 -0.548876 -0.828536 31.214126 -0.982704 0.184977 0.008803 16.952967 0.148428 0.815180 -0.559867 1283.163467 0.000000 0.000000 0.000000 1.000000 
-0.100735 -0.550757 -0.828565 31.191546 -0.985911 0.167039 0.008832 16.933991 0.133539 0.817780 -0.559824 1283.178173 0.000000 0.000000 0.000000 1.000000 
-0.091180 -0.551773 -0.828995 31.275666 -0.988836 0.148688 0.009795 16.793809 0.117856 0.820633 -0.559170 1283.423329 0.000000 0.000000 0.000000 1.000000 
-0.081363 -0.553570 -0.828818 31.208219 -0.991264 0.131551 0.009446 16.822246 0.103803 0.822347 -0.559438 1283.353273 0.000000 0.000000 0.000000 1.000000 
-0.071902 -0.554874 -0.828822 31.177106 -0.993326 0.114975 0.009200 16.835789 0.090189 0.823951 -0.559437 1283.339297 0.000000 0.000000 0.000000 1.000000 
-0.062219 -0.556093 -0.828788 31.153509 -0.995245 0.096919 0.009686 16.739825 0.074939 0.825450 -0.559479 1283.389337 0.000000 0.000000 0.000000 1.000000 
-0.052677 -0.557155 -0.828736 31.116209 -0.996722 0.080364 0.009327 16.769736 0.061404 0.826511 -0.559562 1283.374079 0.000000 0.000000 0.000000 1.000000 
-0.043306 -0.558017 -0.828699 31.073324 -0.997905 0.064059 0.009014 16.791612 0.048056 0.827354 -0.559622 1283.315447 0.000000 0.000000 0.000000 1.000000 
-0.033436 -0.558666 -0.828719 31.048983 -0.998868 0.046757 0.008780 16.806055 0.033843 0.828074 -0.559597 1283.299968 0.000000 0.000000 0.000000 1.000000 
-0.023701 -0.559041 -0.828801 31.036971 -0.999522 0.029695 0.008553 16.816597 0.019830 0.828608 -0.559478 1283.313631 0.000000 0.000000 0.000000 1.000000 
-0.014123 -0.559331 -0.828824 31.019023 -0.999886 0.012402 0.008668 16.777003 0.005431 0.828851 -0.559442 1283.340274 0.000000 0.000000 0.000000 1.000000 
-0.004250 -0.559419 -0.828874 31.006788 -0.999950 -0.005084 0.008559 16.771100 -0.009002 0.828869 -0.559370 1283.353366 0.000000 0.000000 0.000000 1.000000 
0.005596 -0.559403 -0.828877 30.978356 -0.999710 -0.022527 0.008454 16.755706 -0.023401 0.828590 -0.559367 1283.345427 0.000000 0.000000 0.000000 1.000000 
0.015211 -0.558836 -0.829139 31.017409 -0.999157 -0.040108 0.008703 16.713499 -0.038118 0.828308 -0.558975 1283.467799 0.000000 0.000000 0.000000 1.000000 
0.025266 -0.558373 -0.829205 31.004718 -0.998275 -0.058066 0.008683 16.691462 -0.052997 0.827555 -0.558877 1283.482438 0.000000 0.000000 0.000000 1.000000 
0.035337 -0.558284 -0.828897 30.933726 -0.997040 -0.076365 0.008928 16.593085 -0.068283 0.826128 -0.559330 1283.523185 0.000000 0.000000 0.000000 1.000000 
0.045312 -0.557516 -0.828929 30.906577 -0.995545 -0.093883 0.008723 16.597317 -0.082685 0.824841 -0.559286 1283.473916 0.000000 0.000000 0.000000 1.000000 
0.055083 -0.556626 -0.828935 30.881505 -0.993769 -0.111128 0.008585 16.590289 -0.096896 0.823297 -0.559279 1283.473937 0.000000 0.000000 0.000000 1.000000 
0.064915 -0.555597 -0.828914 30.851747 -0.991686 -0.128409 0.008407 16.583449 -0.111111 0.821476 -0.559313 1283.464384 0.000000 0.000000 0.000000 1.000000 
0.074423 -0.554295 -0.828986 30.841681 -0.989366 -0.145210 0.008273 16.572240 -0.124963 0.819555 -0.559208 1283.470610 0.000000 0.000000 0.000000 1.000000 
0.084144 -0.553005 -0.828918 30.802127 -0.986692 -0.162397 0.008182 16.558867 -0.139139 0.817198 -0.559310 1283.439131 0.000000 0.000000 0.000000 1.000000 
0.093476 -0.550596 -0.829522 30.915113 -0.983665 -0.179810 0.008503 16.530115 -0.153837 0.815176 -0.558410 1283.632969 0.000000 0.000000 0.000000 1.000000 
0.103416 -0.548773 -0.829550 30.896014 -0.980252 -0.197569 0.008495 16.503483 -0.168555 0.812290 -0.558367 1283.644200 0.000000 0.000000 0.000000 1.000000 
0.113743 -0.547819 -0.828828 30.717083 -0.976675 -0.214581 0.007796 16.507365 -0.182122 0.808609 -0.559449 1283.407082 0.000000 0.000000 0.000000 1.000000 
0.123212 -0.545805 -0.828804 30.680322 -0.972866 -0.231243 0.007656 16.490302 -0.195834 0.805372 -0.559487 1283.370474 0.000000 0.000000 0.000000 1.000000 
0.132844 -0.543497 -0.828833 30.661790 -0.968625 -0.248409 0.007641 16.484720 -0.210043 0.801813 -0.559444 1283.355591 0.000000 0.000000 0.000000 1.000000 
0.142391 -0.540935 -0.828924 30.669058 -0.964180 -0.265144 0.007402 16.471326 -0.223788 0.798178 -0.559313 1283.400437 0.000000 0.000000 0.000000 1.000000 
0.152033 -0.538214 -0.828983 30.654375 -0.959344 -0.282146 0.007241 16.468811 -0.237791 0.794179 -0.559228 1283.395588 0.000000 0.000000 0.000000 1.000000 
0.161417 -0.535460 -0.828992 30.632574 -0.954378 -0.298520 0.006987 16.478488 -0.251212 0.790043 -0.559217 1283.366273 0.000000 0.000000 0.000000 1.000000 
0.169655 -0.531543 -0.829867 30.821411 -0.948826 -0.315692 0.008231 16.323271 -0.266357 0.786003 -0.557901 1283.762776 0.000000 0.000000 0.000000 1.000000 
0.179096 -0.528357 -0.829918 30.810413 -0.943066 -0.332505 0.008172 16.294973 -0.280270 0.781203 -0.557826 1283.767910 0.000000 0.000000 0.000000 1.000000 
0.188116 -0.525164 -0.829949 30.802725 -0.937248 -0.348568 0.008126 16.270962 -0.293560 0.776340 -0.557780 1283.798141 0.000000 0.000000 0.000000 1.000000 
0.197348 -0.521681 -0.830001 30.792770 -0.930963 -0.365024 0.008075 16.244298 -0.307183 0.771107 -0.557703 1283.798084 0.000000 0.000000 0.000000 1.000000 
0.206615 -0.518008 -0.830047 30.784580 -0.924324 -0.381524 0.008015 16.216197 -0.320835 0.765577 -0.557636 1283.809345 0.000000 0.000000 0.000000 1.000000 
0.215461 -0.514308 -0.830099 30.775491 -0.917630 -0.397354 0.008010 16.187047 -0.333963 0.759998 -0.557559 1283.821951 0.000000 0.000000 0.000000 1.000000 
0.224764 -0.510241 -0.830142 30.764640 -0.910274 -0.413930 0.007959 16.157842 -0.347681 0.753868 -0.557496 1283.830593 0.000000 0.000000 0.000000 1.000000 
0.233712 -0.506145 -0.830179 30.756663 -0.902865 -0.429852 0.007898 16.126011 -0.360852 0.747693 -0.557442 1283.849407 0.000000 0.000000 0.000000 1.000000 
0.242371 -0.502007 -0.830208 30.746000 -0.895358 -0.445277 0.007858 16.097438 -0.373617 0.741429 -0.557399 1283.858671 0.000000 0.000000 0.000000 1.000000 
0.251019 -0.497514 -0.830343 30.724818 -0.887813 -0.460145 0.007312 16.153072 -0.385716 0.735354 -0.557205 1283.709876 0.000000 0.000000 0.000000 1.000000 
0.259839 -0.493169 -0.830222 30.697389 -0.879701 -0.475474 0.007116 16.129961 -0.398258 0.728498 -0.557388 1283.778318 0.000000 0.000000 0.000000 1.000000 
0.268403 -0.488689 -0.830146 30.704949 -0.870865 -0.491461 0.007744 15.974952 -0.411769 0.720867 -0.557492 1283.973186 0.000000 0.000000 0.000000 1.000000 
0.276867 -0.483884 -0.830181 30.687701 -0.862223 -0.506472 0.007653 15.957720 -0.424166 0.713682 -0.557441 1283.942850 0.000000 0.000000 0.000000 1.000000 
0.285077 -0.479043 -0.830210 30.675782 -0.853518 -0.521009 0.007549 15.937766 -0.436163 0.706447 -0.557400 1283.934770 0.000000 0.000000 0.000000 1.000000 
0.293608 -0.473839 -0.830224 30.667875 -0.844165 -0.536032 0.007395 15.915818 -0.448530 0.698675 -0.557381 1283.942937 0.000000 0.000000 0.000000 1.000000 
0.301847 -0.468709 -0.830181 30.641898 -0.834877 -0.550389 0.007188 15.898893 -0.460291 0.690930 -0.557448 1283.935874 0.000000 0.000000 0.000000 1.000000 
0.310333 -0.463166 -0.830163 30.624005 -0.824868 -0.565282 0.007030 15.872810 -0.472532 0.682593 -0.557476 1283.924641 0.000000 0.000000 0.000000 1.000000 
0.318841 -0.457810 -0.829910 30.592034 -0.814664 -0.579893 0.006907 15.803760 -0.484421 0.673895 -0.557854 1284.087791 0.000000 0.000000 0.000000 1.000000 
0.326999 -0.452191 -0.829816 30.556953 -0.804491 -0.593928 0.006629 15.795454 -0.495849 0.665412 -0.557997 1284.052615 0.000000 0.000000 0.000000 1.000000 
0.334880 -0.446485 -0.829763 30.527991 -0.794240 -0.607570 0.006383 15.787361 -0.506989 0.656894 -0.558079 1284.007323 0.000000 0.000000 0.000000 1.000000 
0.346224 -0.442493 -0.827241 29.967223 -0.783772 -0.621034 0.004161 15.734118 -0.515587 0.646928 -0.561831 1283.332476 0.000000 0.000000 0.000000 1.000000 
0.350034 -0.434662 -0.829786 30.485022 -0.773296 -0.634017 0.005909 15.755540 -0.528667 0.639602 -0.558050 1283.899100 0.000000 0.000000 0.000000 1.000000 
0.356406 -0.428317 -0.830373 30.580534 -0.762500 -0.646956 0.006434 15.728208 -0.539970 0.630867 -0.557171 1283.862164 0.000000 0.000000 0.000000 1.000000 
0.363747 -0.421954 -0.830447 30.582431 -0.751264 -0.659972 0.006271 15.715000 -0.550718 0.621604 -0.557062 1283.852968 0.000000 0.000000 0.000000 1.000000 
0.371035 -0.415427 -0.830514 30.588258 -0.739632 -0.672983 0.006196 15.695262 -0.561496 0.611976 -0.556963 1283.856898 0.000000 0.000000 0.000000 1.000000 
0.377752 -0.408814 -0.830767 30.648787 -0.727455 -0.686121 0.006858 15.573982 -0.572810 0.601756 -0.556578 1283.998748 0.000000 0.000000 0.000000 1.000000 
0.384891 -0.402058 -0.830788 30.641281 -0.715309 -0.698776 0.006780 15.539692 -0.583260 0.591660 -0.556548 1283.984668 0.000000 0.000000 0.000000 1.000000 
0.391804 -0.395305 -0.830797 30.638479 -0.703128 -0.711031 0.006723 15.501676 -0.593380 0.581523 -0.556535 1284.001933 0.000000 0.000000 0.000000 1.000000 
0.398612 -0.388405 -0.830813 30.634325 -0.690710 -0.723101 0.006657 15.475597 -0.603347 0.571198 -0.556512 1283.999494 0.000000 0.000000 0.000000 1.000000 
0.405323 -0.381313 -0.830851 30.628130 -0.678002 -0.735030 0.006579 15.438704 -0.613209 0.560652 -0.556456 1283.977391 0.000000 0.000000 0.000000 1.000000 
0.412026 -0.374036 -0.830862 30.631590 -0.664918 -0.746888 0.006499 15.410425 -0.622992 0.549777 -0.556441 1284.007715 0.000000 0.000000 0.000000 1.000000 
0.418567 -0.366686 -0.830869 30.626118 -0.651639 -0.758502 0.006472 15.373685 -0.632589 0.538717 -0.556431 1284.014930 0.000000 0.000000 0.000000 1.000000 
0.424913 -0.359133 -0.830947 30.632973 -0.638182 -0.769859 0.006391 15.342870 -0.642007 0.527580 -0.556315 1283.998651 0.000000 0.000000 0.000000 1.000000 
0.431149 -0.351639 -0.830940 30.631074 -0.624691 -0.780846 0.006307 15.308937 -0.651054 0.516361 -0.556327 1284.010415 0.000000 0.000000 0.000000 1.000000 
0.437125 -0.344173 -0.830943 30.628850 -0.611250 -0.791413 0.006246 15.274266 -0.659769 0.505184 -0.556322 1284.008758 0.000000 0.000000 0.000000 1.000000 
0.442886 -0.336606 -0.830993 30.631903 -0.597743 -0.801664 0.006153 15.246570 -0.668248 0.493995 -0.556250 1284.003390 0.000000 0.000000 0.000000 1.000000 
0.448927 -0.328536 -0.830981 30.625372 -0.583195 -0.812309 0.006091 15.209931 -0.677014 0.481890 -0.556268 1284.003459 0.000000 0.000000 0.000000 1.000000 
0.454583 -0.320659 -0.830982 30.626441 -0.569041 -0.822287 0.006014 15.179491 -0.685234 0.470130 -0.556266 1284.019166 0.000000 0.000000 0.000000 1.000000 
0.460198 -0.312444 -0.831021 30.630457 -0.554337 -0.832271 0.005937 15.146218 -0.693490 0.457934 -0.556209 1284.008959 0.000000 0.000000 0.000000 1.000000 
0.465752 -0.304026 -0.831049 30.632441 -0.539235 -0.842135 0.005873 15.115812 -0.701641 0.445395 -0.556168 1283.996071 0.000000 0.000000 0.000000 1.000000 
0.470912 -0.295903 -0.831073 30.635620 -0.524731 -0.851249 0.005758 15.081961 -0.709154 0.433378 -0.556133 1283.996009 0.000000 0.000000 0.000000 1.000000 
0.476257 -0.287218 -0.831075 30.636260 -0.509120 -0.860677 0.005691 15.046207 -0.716922 0.420406 -0.556131 1283.993262 0.000000 0.000000 0.000000 1.000000 
0.481249 -0.278772 -0.831075 30.637425 -0.493981 -0.869455 0.005597 15.015826 -0.724142 0.407842 -0.556132 1284.004078 0.000000 0.000000 0.000000 1.000000 
0.486057 -0.270248 -0.831092 30.639835 -0.478664 -0.877981 0.005552 14.979757 -0.731184 0.395115 -0.556107 1283.989900 0.000000 0.000000 0.000000 1.000000 
0.490748 -0.261640 -0.831090 30.640932 -0.463167 -0.886254 0.005512 14.944824 -0.737999 0.382229 -0.556110 1283.985055 0.000000 0.000000 0.000000 1.000000 
0.495251 -0.252964 -0.831105 30.644536 -0.447692 -0.894172 0.005382 14.914265 -0.744512 0.369413 -0.556089 1283.989014 0.000000 0.000000 0.000000 1.000000 
0.499727 -0.243939 -0.831124 30.650500 -0.431501 -0.902097 0.005323 14.883154 -0.751052 0.355971 -0.556062 1283.983583 0.000000 0.000000 0.000000 1.000000 
0.503970 -0.235048 -0.831124 30.653142 -0.415546 -0.909557 0.005254 14.851369 -0.757189 0.342723 -0.556062 1283.968359 0.000000 0.000000 0.000000 1.000000 
0.507971 -0.226262 -0.831126 30.656657 -0.399816 -0.916581 0.005164 14.818420 -0.762963 0.329674 -0.556060 1283.964633 0.000000 0.000000 0.000000 1.000000 
0.511908 -0.217120 -0.831149 30.662776 -0.383453 -0.923546 0.005086 14.784779 -0.768709 0.316103 -0.556026 1283.947412 0.000000 0.000000 0.000000 1.000000 
0.515684 -0.208035 -0.831139 30.668882 -0.367179 -0.930137 0.004996 14.753993 -0.774112 0.302600 -0.556043 1283.949260 0.000000 0.000000 0.000000 1.000000 
0.519166 -0.199136 -0.831151 30.670161 -0.351204 -0.936286 0.004951 14.721504 -0.779181 0.289333 -0.556025 1283.925757 0.000000 0.000000 0.000000 1.000000 
0.522656 -0.189814 -0.831145 30.675095 -0.334523 -0.942375 0.004856 14.692091 -0.784172 0.275499 -0.556035 1283.918266 0.000000 0.000000 0.000000 1.000000 
0.525730 -0.181107 -0.831149 30.679942 -0.318949 -0.947760 0.004770 14.661598 -0.788594 0.262586 -0.556029 1283.909908 0.000000 0.000000 0.000000 1.000000 
0.528800 -0.171917 -0.831153 30.689384 -0.302493 -0.953140 0.004695 14.632159 -0.793012 0.248935 -0.556025 1283.914427 0.000000 0.000000 0.000000 1.000000 
0.531684 -0.162836 -0.831142 30.691393 -0.286249 -0.958144 0.004604 14.600754 -0.797103 0.235465 -0.556042 1283.894924 0.000000 0.000000 0.000000 1.000000 
0.534471 -0.153463 -0.831138 30.702348 -0.269474 -0.962997 0.004522 14.569419 -0.801077 0.221553 -0.556048 1283.910799 0.000000 0.000000 0.000000 1.000000 
0.537121 -0.143860 -0.831147 30.704613 -0.252265 -0.967648 0.004462 14.536647 -0.804899 0.207272 -0.556035 1283.882961 0.000000 0.000000 0.000000 1.000000 
0.539619 -0.134170 -0.831149 30.712651 -0.234920 -0.972005 0.004387 14.504230 -0.808470 0.192887 -0.556032 1283.862191 0.000000 0.000000 0.000000 1.000000 
0.541891 -0.124659 -0.831152 30.722494 -0.217911 -0.975959 0.004305 14.475105 -0.811707 0.178784 -0.556028 1283.862228 0.000000 0.000000 0.000000 1.000000 
0.543669 -0.115127 -0.831366 30.779763 -0.201385 -0.979504 0.003945 14.459015 -0.814781 0.165280 -0.555711 1283.879165 0.000000 0.000000 0.000000 1.000000 
0.545913 -0.105849 -0.831129 30.731527 -0.184234 -0.982874 0.004164 14.418389 -0.817335 0.150850 -0.556064 1283.823982 0.000000 0.000000 0.000000 1.000000 
0.547661 -0.096294 -0.831141 30.741609 -0.167182 -0.985918 0.004065 14.389656 -0.819828 0.136726 -0.556047 1283.811396 0.000000 0.000000 0.000000 1.000000 
0.549275 -0.086568 -0.831146 30.752719 -0.149819 -0.988705 0.003968 14.359498 -0.822102 0.122342 -0.556040 1283.808347 0.000000 0.000000 0.000000 1.000000 
0.550727 -0.076953 -0.831131 30.759499 -0.132581 -0.991164 0.003919 14.330292 -0.824089 0.108034 -0.556063 1283.790568 0.000000 0.000000 0.000000 1.000000 
0.551954 -0.067629 -0.831128 30.766806 -0.115911 -0.993252 0.003845 14.302280 -0.825779 0.094215 -0.556068 1283.771525 0.000000 0.000000 0.000000 1.000000 
0.553033 -0.057893 -0.831146 30.780644 -0.098524 -0.995128 0.003759 14.277206 -0.827314 0.079809 -0.556042 1283.765568 0.000000 0.000000 0.000000 1.000000 
0.553992 -0.048027 -0.831135 30.790371 -0.080867 -0.996718 0.003693 14.248258 -0.828585 0.065165 -0.556058 1283.741992 0.000000 0.000000 0.000000 1.000000 
0.554826 -0.037982 -0.831099 30.793716 -0.062962 -0.998009 0.003577 14.221320 -0.829581 0.050343 -0.556113 1283.732407 0.000000 0.000000 0.000000 1.000000 
0.555432 -0.028016 -0.831090 30.803862 -0.045115 -0.998976 0.003524 14.191871 -0.830337 0.035537 -0.556127 1283.707765 0.000000 0.000000 0.000000 1.000000 
0.555838 -0.018521 -0.831084 30.812431 -0.028114 -0.999599 0.003474 14.165284 -0.830815 0.021434 -0.556135 1283.683513 0.000000 0.000000 0.000000 1.000000 
0.556103 -0.008301 -0.831072 30.823105 -0.009868 -0.999946 0.003385 14.135332 -0.831055 0.006319 -0.556154 1283.672369 0.000000 0.000000 0.000000 1.000000 
0.556154 0.001193 -0.831078 30.835324 0.007096 -0.999969 0.003313 14.109996 -0.831049 -0.007740 -0.556145 1283.651527 0.000000 0.000000 0.000000 1.000000 
0.556108 0.010835 -0.831039 30.845880 0.024285 -0.999700 0.003217 14.088917 -0.830755 -0.021971 -0.556204 1283.642829 0.000000 0.000000 0.000000 1.000000 
0.555830 0.020603 -0.831041 30.860490 0.041775 -0.999122 0.003171 14.063286 -0.830246 -0.036479 -0.556203 1283.631455 0.000000 0.000000 0.000000 1.000000 
0.555444 0.030196 -0.831005 30.868782 0.058862 -0.998261 0.003070 14.039145 -0.829468 -0.050620 -0.556256 1283.614095 0.000000 0.000000 0.000000 1.000000 
0.554822 0.040174 -0.830998 30.882067 0.076668 -0.997052 0.002986 14.016684 -0.828429 -0.065368 -0.556267 1283.600131 0.000000 0.000000 0.000000 1.000000 
0.554033 0.049918 -0.830997 30.897120 0.094086 -0.995560 0.002924 13.985991 -0.827161 -0.079805 -0.556270 1283.575452 0.000000 0.000000 0.000000 1.000000 
0.553075 0.059654 -0.830993 30.910605 0.111405 -0.993771 0.002808 13.968864 -0.825649 -0.094130 -0.556276 1283.553591 0.000000 0.000000 0.000000 1.000000 
0.551962 0.069386 -0.830977 30.923485 0.128793 -0.991668 0.002745 13.947396 -0.823863 -0.108539 -0.556300 1283.537829 0.000000 0.000000 0.000000 1.000000 
0.550687 0.079047 -0.830961 30.934575 0.146059 -0.989272 0.002688 13.922055 -0.821834 -0.122850 -0.556325 1283.512528 0.000000 0.000000 0.000000 1.000000 
0.549138 0.089063 -0.830973 30.947083 0.163937 -0.986467 0.002607 13.900937 -0.819495 -0.137659 -0.556307 1283.495549 0.000000 0.000000 0.000000 1.000000 
0.547519 0.098668 -0.830956 30.961067 0.181100 -0.983461 0.002550 13.875421 -0.816962 -0.151882 -0.556332 1283.473588 0.000000 0.000000 0.000000 1.000000 
0.545754 0.108121 -0.830941 30.973171 0.197975 -0.980204 0.002485 13.853762 -0.814223 -0.165862 -0.556355 1283.442758 0.000000 0.000000 0.000000 1.000000 
0.543745 0.118012 -0.830912 30.985377 0.215598 -0.976479 0.002400 13.832723 -0.811085 -0.180448 -0.556399 1283.421315 0.000000 0.000000 0.000000 1.000000 
0.541755 0.127318 -0.830838 31.001787 0.232146 -0.972678 0.002319 13.810841 -0.807843 -0.194132 -0.556510 1283.429572 0.000000 0.000000 0.000000 1.000000 
0.539465 0.136546 -0.830863 31.012850 0.248585 -0.968608 0.002219 13.795839 -0.804477 -0.207737 -0.556473 1283.394013 0.000000 0.000000 0.000000 1.000000 
0.537031 0.145968 -0.830837 31.025699 0.265353 -0.964149 0.002128 13.778053 -0.800740 -0.221608 -0.556511 1283.364149 0.000000 0.000000 0.000000 1.000000 
0.534476 0.155170 -0.830818 31.046937 0.281839 -0.959460 0.002115 13.755848 -0.796808 -0.235287 -0.556541 1283.360876 0.000000 0.000000 0.000000 1.000000 
0.531738 0.164317 -0.830816 31.064576 0.298109 -0.954530 0.002011 13.743044 -0.792708 -0.248743 -0.556544 1283.328425 0.000000 0.000000 0.000000 1.000000 
0.528844 0.173521 -0.830791 31.078353 0.314530 -0.949246 0.001954 13.718557 -0.788286 -0.262342 -0.556580 1283.306550 0.000000 0.000000 0.000000 1.000000 
0.525794 0.182735 -0.830752 31.092543 0.330895 -0.943666 0.001856 13.704367 -0.783613 -0.275867 -0.556639 1283.300947 0.000000 0.000000 0.000000 1.000000 
0.522407 0.192170 -0.830759 31.112638 0.347777 -0.937576 0.001814 13.684764 -0.778551 -0.289867 -0.556629 1283.271296 0.000000 0.000000 0.000000 1.000000 
0.518863 0.201613 -0.830743 31.123005 0.364581 -0.931170 0.001724 13.667586 -0.773215 -0.303768 -0.556654 1283.233391 0.000000 0.000000 0.000000 1.000000 
0.515244 0.210753 -0.830727 31.141688 0.380877 -0.924624 0.001658 13.645961 -0.767761 -0.317259 -0.556678 1283.209208 0.000000 0.000000 0.000000 1.000000 
0.511569 0.219697 -0.830681 31.157339 0.396824 -0.917893 0.001618 13.631176 -0.762121 -0.330462 -0.556747 1283.183065 0.000000 0.000000 0.000000 1.000000 
0.507595 0.228758 -0.830673 31.171062 0.412974 -0.910741 0.001547 13.617221 -0.756174 -0.343831 -0.556759 1283.163468 0.000000 0.000000 0.000000 1.000000 
0.503587 0.237602 -0.830630 31.184627 0.428683 -0.903454 0.001465 13.601407 -0.750087 -0.356815 -0.556823 1283.131776 0.000000 0.000000 0.000000 1.000000 
0.499395 0.246389 -0.830601 31.201190 0.444322 -0.895866 0.001398 13.584452 -0.743762 -0.369752 -0.556867 1283.116851 0.000000 0.000000 0.000000 1.000000 
0.495086 0.255003 -0.830580 31.219021 0.459690 -0.888078 0.001353 13.573763 -0.737275 -0.382480 -0.556897 1283.087914 0.000000 0.000000 0.000000 1.000000 
0.490634 0.263566 -0.830549 31.235214 0.474917 -0.880030 0.001282 13.557430 -0.730569 -0.395071 -0.556945 1283.062010 0.000000 0.000000 0.000000 1.000000 
0.485765 0.272485 -0.830532 31.254523 0.490821 -0.871259 0.001227 13.543275 -0.723275 -0.408239 -0.556969 1283.031441 0.000000 0.000000 0.000000 1.000000 
0.480984 0.280996 -0.830479 31.270458 0.505951 -0.862562 0.001177 13.535412 -0.716009 -0.420748 -0.557048 1283.020782 0.000000 0.000000 0.000000 1.000000 
0.475882 0.289551 -0.830480 31.289016 0.521161 -0.853457 0.001075 13.520517 -0.708468 -0.433325 -0.557048 1282.979280 0.000000 0.000000 0.000000 1.000000 
0.470886 0.297785 -0.830416 31.305354 0.535771 -0.844363 0.001022 13.512523 -0.700868 -0.445394 -0.557143 1282.976516 0.000000 0.000000 0.000000 1.000000 
0.465683 0.305892 -0.830403 31.324382 0.550228 -0.835014 0.000973 13.503651 -0.693101 -0.457365 -0.557162 1282.937356 0.000000 0.000000 0.000000 1.000000 
0.460049 0.314426 -0.830356 31.345198 0.565395 -0.824820 0.000920 13.490496 -0.684605 -0.469903 -0.557232 1282.926652 0.000000 0.000000 0.000000 1.000000 
0.454550 0.322405 -0.830325 31.355961 0.579586 -0.814911 0.000866 13.480701 -0.676362 -0.481638 -0.557279 1282.879063 0.000000 0.000000 0.000000 1.000000 
0.448874 0.330321 -0.830301 31.373015 0.593699 -0.804686 0.000833 13.475427 -0.667857 -0.493323 -0.557315 1282.852836 0.000000 0.000000 0.000000 1.000000 
0.443265 0.337900 -0.830264 31.394347 0.607117 -0.794612 0.000740 13.462900 -0.659488 -0.504396 -0.557369 1282.833505 0.000000 0.000000 0.000000 1.000000 
0.437452 0.345486 -0.830226 31.411763 0.620609 -0.784120 0.000703 13.452031 -0.650754 -0.515553 -0.557427 1282.817655 0.000000 0.000000 0.000000 1.000000 
0.431297 0.353212 -0.830195 31.431179 0.634340 -0.773054 0.000647 13.447606 -0.641557 -0.526905 -0.557472 1282.790586 0.000000 0.000000 0.000000 1.000000 
0.425093 0.360745 -0.830156 31.447068 0.647726 -0.761873 0.000605 13.441897 -0.632255 -0.537971 -0.557531 1282.757935 0.000000 0.000000 0.000000 1.000000 
0.418600 0.368319 -0.830129 31.464617 0.661218 -0.750194 0.000573 13.432964 -0.622547 -0.549136 -0.557571 1282.715390 0.000000 0.000000 0.000000 1.000000 
0.412022 0.375800 -0.830068 31.484218 0.674474 -0.738299 0.000537 13.426376 -0.612636 -0.560080 -0.557662 1282.699400 0.000000 0.000000 0.000000 1.000000 
0.405487 0.382897 -0.830043 31.501621 0.687099 -0.726563 0.000495 13.420339 -0.602889 -0.570523 -0.557700 1282.684328 0.000000 0.000000 0.000000 1.000000 
0.398556 0.390199 -0.829999 31.517648 0.699992 -0.714151 0.000392 13.418805 -0.592591 -0.581149 -0.557765 1282.634979 0.000000 0.000000 0.000000 1.000000 
0.391791 0.397041 -0.829975 31.540246 0.712156 -0.702021 0.000344 13.413354 -0.582523 -0.591207 -0.557800 1282.629774 0.000000 0.000000 0.000000 1.000000 
0.385041 0.403688 -0.829928 31.555265 0.723957 -0.689845 0.000327 13.409576 -0.572389 -0.600958 -0.557871 1282.605275 0.000000 0.000000 0.000000 1.000000 
0.377869 0.410445 -0.829909 31.575244 0.735993 -0.676989 0.000292 13.406784 -0.561719 -0.610918 -0.557898 1282.574662 0.000000 0.000000 0.000000 1.000000 
0.370981 0.416756 -0.829872 31.594706 0.747201 -0.664598 0.000267 13.407545 -0.551420 -0.620180 -0.557954 1282.540835 0.000000 0.000000 0.000000 1.000000 
0.363681 0.423211 -0.829836 31.612489 0.758676 -0.651468 0.000251 13.403457 -0.540505 -0.629668 -0.558007 1282.509654 0.000000 0.000000 0.000000 1.000000 
0.356259 0.429562 -0.829793 31.630010 0.769906 -0.638157 0.000190 13.401935 -0.529456 -0.638930 -0.558072 1282.493084 0.000000 0.000000 0.000000 1.000000 
0.348944 0.435570 -0.829769 31.649308 0.780581 -0.625054 0.000149 13.404833 -0.518586 -0.647754 -0.558107 1282.466899 0.000000 0.000000 0.000000 1.000000 
0.341282 0.441711 -0.829710 31.665591 0.791442 -0.611244 0.000135 13.398687 -0.507095 -0.656713 -0.558195 1282.438993 0.000000 0.000000 0.000000 1.000000 
