-0.671025 0.262038 -0.693586 19.882030 0.358958 0.933339 0.005335 3.713735 0.648749 -0.245388 -0.720354 1300.755059 0.000000 0.000000 0.000000 1.000000 
-0.671034 0.262031 -0.693580 19.885452 0.358972 0.933333 0.005305 3.715843 0.648731 -0.245416 -0.720360 1300.760139 0.000000 0.000000 0.000000 1.000000 
-0.672905 0.257222 -0.693568 19.880613 0.352236 0.935896 0.005351 3.721129 0.650484 -0.240699 -0.720372 1300.763617 0.000000 0.000000 0.000000 1.000000 
-0.677432 0.245165 -0.693527 19.870610 0.335375 0.942069 0.005434 3.752807 0.654683 -0.228911 -0.720410 1300.768536 0.000000 0.000000 0.000000 1.000000 
-0.681591 0.233358 -0.693525 19.865575 0.318883 0.947778 0.005513 3.787310 0.658594 -0.217396 -0.720411 1300.771889 0.000000 0.000000 0.000000 1.000000 
-0.685569 0.221502 -0.693492 19.855210 0.302295 0.953198 0.005611 3.815799 0.662278 -0.205793 -0.720442 1300.785668 0.000000 0.000000 0.000000 1.000000 
-0.689394 0.209186 -0.693525 19.853499 0.285135 0.958471 0.005665 3.848452 0.665908 -0.193843 -0.720411 1300.788980 0.000000 0.000000 0.000000 1.000000 
-0.692720 0.198021 -0.693489 19.841007 0.269535 0.962974 0.005735 3.871049 0.668947 -0.182946 -0.720445 1300.810566 0.000000 0.000000 0.000000 1.000000 
-0.696086 0.185837 -0.693491 19.832741 0.252522 0.967574 0.005816 3.905309 0.672084 -0.171073 -0.720442 1300.816124 0.000000 0.000000 0.000000 1.000000 
-0.699183 0.173836 -0.693487 19.824227 0.235776 0.971790 0.005885 3.932187 0.674947 -0.159393 -0.720445 1300.830931 0.000000 0.000000 0.000000 1.000000 
-0.701947 0.162316 -0.693486 19.814771 0.219763 0.975536 0.005889 3.976877 0.677476 -0.148269 -0.720446 1300.860506 0.000000 0.000000 0.000000 1.000000 
-0.704596 0.150348 -0.693498 19.809229 0.202977 0.979165 0.006053 3.995742 0.679959 -0.136499 -0.720433 1300.837686 0.000000 0.000000 0.000000 1.000000 
-0.707016 0.138602 -0.693482 19.798881 0.186551 0.982426 0.006160 4.021903 0.682148 -0.125015 -0.720448 1300.847224 0.000000 0.000000 0.000000 1.000000 
-0.709261 0.126576 -0.693490 19.789099 0.169820 0.985456 0.006184 4.052670 0.684186 -0.113382 -0.720440 1300.862097 0.000000 0.000000 0.000000 1.000000 
-0.711335 0.114268 -0.693503 19.780358 0.152671 0.988257 0.006238 4.088277 0.686072 -0.101440 -0.720427 1300.868240 0.000000 0.000000 0.000000 1.000000 
-0.713240 0.101927 -0.693469 19.764702 0.135422 0.990768 0.006342 4.110564 0.687713 -0.089387 -0.720458 1300.890719 0.000000 0.000000 0.000000 1.000000 
-0.714951 0.089249 -0.693455 19.750539 0.117722 0.993026 0.006433 4.138289 0.689193 -0.077036 -0.720471 1300.902713 0.000000 0.000000 0.000000 1.000000 
-0.716302 0.077834 -0.693435 19.736623 0.101773 0.994786 0.006529 4.161525 0.690328 -0.065896 -0.720489 1300.908305 0.000000 0.000000 0.000000 1.000000 
-0.717520 0.065497 -0.693452 19.726825 0.084585 0.996394 0.006589 4.187853 0.691383 -0.053928 -0.720473 1300.925733 0.000000 0.000000 0.000000 1.000000 
-0.718573 0.052758 -0.693447 19.711095 0.066782 0.997745 0.006708 4.217745 0.692238 -0.041489 -0.720476 1300.932494 0.000000 0.000000 0.000000 1.000000 
-0.719326 0.041078 -0.693457 19.698204 0.050494 0.998701 0.006781 4.242879 0.692835 -0.030138 -0.720466 1300.956946 0.000000 0.000000 0.000000 1.000000 
-0.719955 0.027995 -0.693456 19.684107 0.032241 0.999456 0.006876 4.273296 0.693271 -0.017407 -0.720466 1300.954942 0.000000 0.000000 0.000000 1.000000 
-0.720290 0.016177 -0.693485 19.675694 0.015796 0.999851 0.006917 4.299131 0.693494 -0.005972 -0.720438 1300.961922 0.000000 0.000000 0.000000 1.000000 
-0.720463 0.003901 -0.693482 19.661132 -0.001318 0.999975 0.006995 4.325111 0.693492 0.005954 -0.720440 1300.986279 0.000000 0.000000 0.000000 1.000000 
-0.720426 -0.008035 -0.693485 19.645550 -0.018011 0.999812 0.007127 4.344319 0.693298 0.017625 -0.720436 1300.993482 0.000000 0.000000 0.000000 1.000000 
-0.720167 -0.020556 -0.693496 19.630281 -0.035453 0.999345 0.007195 4.369527 0.692894 0.029768 -0.720424 1301.006138 0.000000 0.000000 0.000000 1.000000 
-0.719708 -0.033077 -0.693488 19.612562 -0.052906 0.998573 0.007278 4.394292 0.692258 0.041928 -0.720431 1301.022162 0.000000 0.000000 0.000000 1.000000 
-0.719043 -0.045238 -0.693492 19.600049 -0.069891 0.997527 0.007395 4.414108 0.691442 0.053786 -0.720427 1301.007684 0.000000 0.000000 0.000000 1.000000 
-0.718133 -0.057710 -0.693509 19.581904 -0.087247 0.996159 0.007450 4.441662 0.690415 0.065856 -0.720410 1301.040647 0.000000 0.000000 0.000000 1.000000 
-0.716964 -0.070388 -0.693547 19.570666 -0.104891 0.994455 0.007506 4.466661 0.689174 0.078129 -0.720372 1301.053698 0.000000 0.000000 0.000000 1.000000 
-0.715659 -0.082571 -0.693552 19.551865 -0.121852 0.992519 0.007571 4.491106 0.687739 0.089929 -0.720366 1301.087027 0.000000 0.000000 0.000000 1.000000 
-0.714078 -0.095226 -0.693559 19.536405 -0.139484 0.990195 0.007656 4.517726 0.686030 0.102208 -0.720359 1301.090947 0.000000 0.000000 0.000000 1.000000 
-0.712386 -0.106980 -0.693586 19.521750 -0.155868 0.987748 0.007740 4.538327 0.684260 0.113622 -0.720332 1301.111243 0.000000 0.000000 0.000000 1.000000 
-0.710339 -0.119682 -0.693610 19.502873 -0.173521 0.984799 0.007779 4.561399 0.682136 0.125882 -0.720309 1301.109750 0.000000 0.000000 0.000000 1.000000 
-0.712023 -0.131635 -0.689706 19.044580 -0.192770 0.981174 0.011745 4.370991 0.675176 0.141318 -0.723994 1299.557415 0.000000 0.000000 0.000000 1.000000 
-0.705800 -0.143952 -0.693631 19.465165 -0.207335 0.978238 0.007955 4.598286 0.677391 0.149428 -0.720286 1301.151685 0.000000 0.000000 0.000000 1.000000 
-0.703092 -0.156589 -0.693643 19.447939 -0.224936 0.974340 0.008044 4.627849 0.674585 0.161681 -0.720274 1301.185907 0.000000 0.000000 0.000000 1.000000 
-0.700443 -0.167892 -0.693680 19.429203 -0.240676 0.970572 0.008115 4.645640 0.671903 0.172636 -0.720238 1301.225972 0.000000 0.000000 0.000000 1.000000 
-0.697359 -0.180185 -0.693703 19.414222 -0.257799 0.966164 0.008202 4.666686 0.668753 0.184556 -0.720214 1301.223693 0.000000 0.000000 0.000000 1.000000 
-0.694085 -0.192308 -0.693732 19.394629 -0.274682 0.961499 0.008287 4.687965 0.665429 0.196308 -0.720185 1301.246784 0.000000 0.000000 0.000000 1.000000 
-0.690724 -0.204306 -0.693657 19.363579 -0.291205 0.956625 0.008215 4.730108 0.661891 0.207671 -0.720259 1301.260805 0.000000 0.000000 0.000000 1.000000 
-0.686920 -0.216403 -0.693765 19.356302 -0.308217 0.951279 0.008448 4.723790 0.658136 0.219633 -0.720152 1301.292970 0.000000 0.000000 0.000000 1.000000 
-0.683144 -0.227932 -0.693802 19.336919 -0.324260 0.945930 0.008516 4.740509 0.654347 0.230790 -0.720115 1301.295554 0.000000 0.000000 0.000000 1.000000 
0.000000 0.000000 0.000000 0.000000 0.000000 0.000000 0.000000 0.000000 0.000000 0.000000 0.000000 0.000000 0.000000 0.000000 0.000000 1.000000 
-0.674500 -0.252146 -0.693882 19.300502 -0.357955 0.933699 0.008664 4.779280 0.645692 0.254223 -0.720037 1301.329741 0.000000 0.000000 0.000000 1.000000 
-0.670149 -0.263411 -0.693913 19.280837 -0.373600 0.927549 0.008705 4.800997 0.641345 0.265079 -0.720007 1301.344632 0.000000 0.000000 0.000000 1.000000 
-0.665466 -0.274985 -0.693930 19.259334 -0.389713 0.920894 0.008802 4.812832 0.636616 0.276291 -0.719989 1301.366391 0.000000 0.000000 0.000000 1.000000 
-0.660730 -0.286129 -0.693949 19.238073 -0.405196 0.914187 0.008862 4.826251 0.631864 0.287041 -0.719969 1301.392067 0.000000 0.000000 0.000000 1.000000 
0.709539 0.242594 0.661590 24.467719 -0.221782 0.968038 -0.117109 10.690436 -0.668855 -0.063636 0.740664 1274.912174 0.000000 0.000000 0.000000 1.000000 
-0.650409 -0.308737 -0.694010 19.195777 -0.436649 0.899587 0.009027 4.851889 0.621535 0.308910 -0.719909 1301.440026 0.000000 0.000000 0.000000 1.000000 
-0.644919 -0.319964 -0.694048 19.175759 -0.452253 0.891844 0.009090 4.867967 0.616074 0.319747 -0.719871 1301.447363 0.000000 0.000000 0.000000 1.000000 
-0.639095 -0.331329 -0.694103 19.154974 -0.468014 0.883674 0.009103 4.889561 0.610345 0.330668 -0.719818 1301.491937 0.000000 0.000000 0.000000 1.000000 
-0.633411 -0.341986 -0.694144 19.135839 -0.482817 0.875673 0.009154 4.904290 0.604713 0.340943 -0.719778 1301.513290 0.000000 0.000000 0.000000 1.000000 
-0.627304 -0.353031 -0.694161 19.112270 -0.498186 0.867021 0.009261 4.912545 0.598582 0.351631 -0.719760 1301.529120 0.000000 0.000000 0.000000 1.000000 
-0.621099 -0.363726 -0.694218 19.091930 -0.513049 0.858309 0.009312 4.922928 0.592466 0.361952 -0.719704 1301.552861 0.000000 0.000000 0.000000 1.000000 
-0.614679 -0.374418 -0.694248 19.070299 -0.527889 0.849262 0.009368 4.932384 0.586091 0.372245 -0.719674 1301.585999 0.000000 0.000000 0.000000 1.000000 
-0.607986 -0.385128 -0.694284 19.048214 -0.542767 0.839830 0.009438 4.946978 0.579446 0.382572 -0.719640 1301.598067 0.000000 0.000000 0.000000 1.000000 
-0.601470 -0.395175 -0.694313 19.026575 -0.556732 0.830638 0.009521 4.953343 0.572960 0.392272 -0.719610 1301.622064 0.000000 0.000000 0.000000 1.000000 
-0.594327 -0.405743 -0.694369 19.008035 -0.571409 0.820610 0.009574 4.966725 0.565921 0.402458 -0.719556 1301.639026 0.000000 0.000000 0.000000 1.000000 
-0.587280 -0.415840 -0.694391 18.982152 -0.585410 0.810680 0.009630 4.973807 0.558925 0.412159 -0.719533 1301.646664 0.000000 0.000000 0.000000 1.000000 
-0.579990 -0.425867 -0.694441 18.964887 -0.599344 0.800433 0.009699 4.983035 0.551723 0.421835 -0.719484 1301.673427 0.000000 0.000000 0.000000 1.000000 
-0.572247 -0.436181 -0.694464 18.937818 -0.613638 0.789527 0.009758 4.990755 0.544041 0.431734 -0.719462 1301.695432 0.000000 0.000000 0.000000 1.000000 
-0.564683 -0.445881 -0.694495 18.913872 -0.627095 0.778881 0.009822 4.999381 0.536549 0.441060 -0.719431 1301.729561 0.000000 0.000000 0.000000 1.000000 
-0.556608 -0.455878 -0.694523 18.888574 -0.640963 0.767508 0.009900 5.002139 0.528539 0.450674 -0.719402 1301.747291 0.000000 0.000000 0.000000 1.000000 
-0.548624 -0.465391 -0.694566 18.867968 -0.654161 0.756290 0.009960 5.010020 0.520658 0.459822 -0.719360 1301.766125 0.000000 0.000000 0.000000 1.000000 
-0.540307 -0.474954 -0.694613 18.847572 -0.667432 0.744604 0.010028 5.016422 0.512448 0.469025 -0.719314 1301.781022 0.000000 0.000000 0.000000 1.000000 
-0.531449 -0.484810 -0.694637 18.818742 -0.681049 0.732169 0.010048 5.025544 0.503721 0.478422 -0.719290 1301.806188 0.000000 0.000000 0.000000 1.000000 
-0.523312 -0.493512 -0.694687 18.796897 -0.693126 0.720746 0.010112 5.027117 0.495703 0.486797 -0.719241 1301.839835 0.000000 0.000000 0.000000 1.000000 
-0.514492 -0.502601 -0.694760 18.778277 -0.705739 0.708399 0.010155 5.034785 0.487063 0.495544 -0.719170 1301.845466 0.000000 0.000000 0.000000 1.000000 
-0.505866 -0.511231 -0.694797 18.756074 -0.717697 0.696280 0.010217 5.040247 0.478550 0.503822 -0.719133 1301.877751 0.000000 0.000000 0.000000 1.000000 
-0.497038 -0.519781 -0.694824 18.728794 -0.729524 0.683879 0.010268 5.036176 0.469839 0.511994 -0.719106 1301.918852 0.000000 0.000000 0.000000 1.000000 
-0.487606 -0.528548 -0.694894 18.707887 -0.741661 0.670696 0.010280 5.048967 0.460629 0.520388 -0.719039 1301.923006 0.000000 0.000000 0.000000 1.000000 
-0.478541 -0.536718 -0.694933 18.682549 -0.752977 0.657966 0.010343 5.050268 0.451691 0.528218 -0.719000 1301.947499 0.000000 0.000000 0.000000 1.000000 
-0.469086 -0.544925 -0.694993 18.661835 -0.764355 0.644712 0.010401 5.051341 0.442402 0.536100 -0.718942 1301.967990 0.000000 0.000000 0.000000 1.000000 
-0.459771 -0.552754 -0.695035 18.640342 -0.775164 0.631674 0.010413 5.053506 0.433280 0.543554 -0.718901 1301.983622 0.000000 0.000000 0.000000 1.000000 
-0.450104 -0.560613 -0.695068 18.612516 -0.786012 0.618123 0.010443 5.055923 0.423783 0.551032 -0.718868 1302.014365 0.000000 0.000000 0.000000 1.000000 
-0.439958 -0.568543 -0.695122 18.587259 -0.797003 0.603884 0.010522 5.050986 0.413791 0.558644 -0.718814 1302.042388 0.000000 0.000000 0.000000 1.000000 
-0.430279 -0.575871 -0.695150 18.563050 -0.807111 0.590305 0.010563 5.049169 0.404268 0.565608 -0.718787 1302.062655 0.000000 0.000000 0.000000 1.000000 
-0.420473 -0.583016 -0.695194 18.540749 -0.816989 0.576556 0.010616 5.046603 0.394629 0.572429 -0.718744 1302.082611 0.000000 0.000000 0.000000 1.000000 
-0.409849 -0.590440 -0.695273 18.520893 -0.827263 0.561715 0.010635 5.047343 0.384265 0.579532 -0.718667 1302.099733 0.000000 0.000000 0.000000 1.000000 
-0.399999 -0.597129 -0.695297 18.492002 -0.836468 0.547912 0.010662 5.048984 0.374595 0.585858 -0.718643 1302.139663 0.000000 0.000000 0.000000 1.000000 
-0.388860 -0.604398 -0.695335 18.467185 -0.846502 0.532278 0.010733 5.043940 0.363625 0.592776 -0.718605 1302.156775 0.000000 0.000000 0.000000 1.000000 
-0.378435 -0.610902 -0.695403 18.446561 -0.855487 0.517713 0.010748 5.037228 0.353453 0.598976 -0.718539 1302.166600 0.000000 0.000000 0.000000 1.000000 
-0.367794 -0.617308 -0.695456 18.422676 -0.864323 0.502822 0.010779 5.038233 0.343037 0.605063 -0.718488 1302.217781 0.000000 0.000000 0.000000 1.000000 
-0.356433 -0.623875 -0.695511 18.398972 -0.873379 0.486920 0.010817 5.032848 0.331910 0.611300 -0.718434 1302.226494 0.000000 0.000000 0.000000 1.000000 
-0.345566 -0.629892 -0.695572 18.376727 -0.881680 0.471724 0.010844 5.026742 0.321287 0.617019 -0.718375 1302.252618 0.000000 0.000000 0.000000 1.000000 
-0.334178 -0.635930 -0.695642 18.356200 -0.890018 0.455795 0.010883 5.023308 0.310149 0.622771 -0.718306 1302.281426 0.000000 0.000000 0.000000 1.000000 
-0.323421 -0.641459 -0.695650 18.328944 -0.897583 0.440710 0.010925 5.013395 0.299572 0.627937 -0.718298 1302.291538 0.000000 0.000000 0.000000 1.000000 
-0.312195 -0.646946 -0.695698 18.305827 -0.905121 0.425013 0.010944 5.009351 0.288600 0.633108 -0.718251 1302.304798 0.000000 0.000000 0.000000 1.000000 
-0.300740 -0.652275 -0.695767 18.283133 -0.912466 0.409006 0.010968 5.000401 0.277419 0.638162 -0.718184 1302.330050 0.000000 0.000000 0.000000 1.000000 
-0.289774 -0.657149 -0.695835 18.262484 -0.919177 0.393693 0.010978 4.997050 0.266731 0.642776 -0.718118 1302.358123 0.000000 0.000000 0.000000 1.000000 
-0.277549 -0.662354 -0.695884 18.236988 -0.926312 0.376596 0.011003 4.989664 0.254779 0.647660 -0.718070 1302.378779 0.000000 0.000000 0.000000 1.000000 
-0.266254 -0.666883 -0.695971 18.215629 -0.932573 0.360812 0.011038 4.977189 0.243753 0.651983 -0.717985 1302.390428 0.000000 0.000000 0.000000 1.000000 
-0.254296 -0.671501 -0.696003 18.191601 -0.938870 0.344094 0.011051 4.968247 0.232070 0.656267 -0.717954 1302.412477 0.000000 0.000000 0.000000 1.000000 
-0.242277 -0.675789 -0.696140 18.177773 -0.944832 0.327369 0.011030 4.961997 0.220441 0.660408 -0.717821 1302.464598 0.000000 0.000000 0.000000 1.000000 
-0.230661 -0.679792 -0.696189 18.152591 -0.950302 0.311132 0.011050 4.949574 0.209095 0.664139 -0.717774 1302.483363 0.000000 0.000000 0.000000 1.000000 
-0.217836 -0.683939 -0.696258 18.130265 -0.955985 0.293205 0.011078 4.933937 0.196570 0.668025 -0.717707 1302.494963 0.000000 0.000000 0.000000 1.000000 
-0.206452 -0.687395 -0.696322 18.108590 -0.960710 0.277335 0.011061 4.925053 0.185511 0.671247 -0.717644 1302.532683 0.000000 0.000000 0.000000 1.000000 
-0.194263 -0.690872 -0.696389 18.086681 -0.965456 0.260330 0.011054 4.915547 0.173654 0.674481 -0.717579 1302.554155 0.000000 0.000000 0.000000 1.000000 
-0.182096 -0.694127 -0.696440 18.065195 -0.969883 0.243318 0.011082 4.902461 0.161764 0.677484 -0.717529 1302.565879 0.000000 0.000000 0.000000 1.000000 
-0.170229 -0.697068 -0.696505 18.042975 -0.973893 0.226737 0.011103 4.885921 0.150184 0.680211 -0.717466 1302.594027 0.000000 0.000000 0.000000 1.000000 
-0.157438 -0.700014 -0.696558 18.021234 -0.977875 0.208895 0.011091 4.873688 0.137744 0.682893 -0.717415 1302.621479 0.000000 0.000000 0.000000 1.000000 
-0.145224 -0.702553 -0.696656 18.004232 -0.981360 0.191858 0.011091 4.861895 0.125867 0.685281 -0.717319 1302.650233 0.000000 0.000000 0.000000 1.000000 
-0.132607 -0.705006 -0.696694 17.979946 -0.984639 0.174252 0.011083 4.847375 0.113587 0.687461 -0.717283 1302.659529 0.000000 0.000000 0.000000 1.000000 
-0.119997 -0.707212 -0.696744 17.954536 -0.987600 0.156595 0.011142 4.828543 0.101227 0.689441 -0.717234 1302.678673 0.000000 0.000000 0.000000 1.000000 
-0.107788 -0.709087 -0.696834 17.939092 -0.990148 0.139583 0.011122 4.813065 0.089380 0.691167 -0.717147 1302.701252 0.000000 0.000000 0.000000 1.000000 
-0.094962 -0.710863 -0.696890 17.917934 -0.992502 0.121726 0.011077 4.799132 0.076956 0.692717 -0.717092 1302.726832 0.000000 0.000000 0.000000 1.000000 
-0.083376 -0.712248 -0.696958 17.902392 -0.994353 0.105540 0.011098 4.779313 0.065653 0.693948 -0.717026 1302.729545 0.000000 0.000000 0.000000 1.000000 
-0.070744 -0.713544 -0.697029 17.881467 -0.996067 0.087909 0.011102 4.759036 0.053353 0.695073 -0.716957 1302.750267 0.000000 0.000000 0.000000 1.000000 
-0.058528 -0.714586 -0.697095 17.862882 -0.997423 0.070893 0.011072 4.743579 0.041507 0.695947 -0.716893 1302.760671 0.000000 0.000000 0.000000 1.000000 
-0.046303 -0.715453 -0.697125 17.839569 -0.998489 0.053821 0.011084 4.724605 0.029589 0.696585 -0.716864 1302.795491 0.000000 0.000000 0.000000 1.000000 
-0.033745 -0.716109 -0.697173 17.819473 -0.999280 0.036292 0.011089 4.704132 0.017361 0.697045 -0.716817 1302.808906 0.000000 0.000000 0.000000 1.000000 
-0.021319 -0.716518 -0.697243 17.799154 -0.999759 0.018992 0.011052 4.684989 0.005323 0.697310 -0.716750 1302.831811 0.000000 0.000000 0.000000 1.000000 
-0.008950 -0.716733 -0.697291 17.781762 -0.999937 0.001743 0.011044 4.665351 -0.006700 0.697346 -0.716704 1302.854420 0.000000 0.000000 0.000000 1.000000 
0.003586 -0.716686 -0.697387 17.767354 -0.999816 -0.015694 0.010988 4.643896 -0.018820 0.697220 -0.716611 1302.874366 0.000000 0.000000 0.000000 1.000000 
0.015894 -0.716466 -0.697441 17.748275 -0.999401 -0.032821 0.010941 4.635174 -0.030729 0.696849 -0.716559 1302.900585 0.000000 0.000000 0.000000 1.000000 
0.028522 -0.716030 -0.697486 17.727358 -0.998668 -0.050423 0.010925 4.607459 -0.042992 0.696246 -0.716515 1302.909730 0.000000 0.000000 0.000000 1.000000 
0.041209 -0.715349 -0.697551 17.708044 -0.997613 -0.068180 0.010985 4.575271 -0.055417 0.695433 -0.716451 1302.945901 0.000000 0.000000 0.000000 1.000000 
0.053774 -0.714474 -0.697592 17.692115 -0.996266 -0.085647 0.010922 4.558092 -0.067550 0.694400 -0.716412 1302.944995 0.000000 0.000000 0.000000 1.000000 
0.066475 -0.713333 -0.697666 17.676059 -0.994585 -0.103351 0.010906 4.538014 -0.079884 0.693163 -0.716340 1302.963035 0.000000 0.000000 0.000000 1.000000 
0.078812 -0.712003 -0.697740 17.659506 -0.992655 -0.120491 0.010831 4.519545 -0.091783 0.691762 -0.716269 1302.986044 0.000000 0.000000 0.000000 1.000000 
0.091585 -0.710412 -0.697801 17.642768 -0.990335 -0.138274 0.010794 4.494148 -0.104157 0.690069 -0.716210 1302.993901 0.000000 0.000000 0.000000 1.000000 
0.103603 -0.708709 -0.697852 17.626293 -0.987851 -0.155030 0.010786 4.471241 -0.115832 0.688257 -0.716160 1303.023061 0.000000 0.000000 0.000000 1.000000 
0.115941 -0.706735 -0.697913 17.610819 -0.984996 -0.172240 0.010785 4.443607 -0.127831 0.686191 -0.716101 1303.029368 0.000000 0.000000 0.000000 1.000000 
0.128483 -0.704520 -0.697957 17.593330 -0.981781 -0.189712 0.010766 4.416070 -0.139995 0.683858 -0.716059 1303.043836 0.000000 0.000000 0.000000 1.000000 
0.140955 -0.702076 -0.698012 17.575326 -0.978266 -0.207078 0.010735 4.391587 -0.152080 0.681328 -0.716005 1303.065270 0.000000 0.000000 0.000000 1.000000 
0.153648 -0.699354 -0.698066 17.560127 -0.974360 -0.224739 0.010691 4.367013 -0.164360 0.678525 -0.715953 1303.098182 0.000000 0.000000 0.000000 1.000000 
0.165735 -0.696520 -0.698135 17.547374 -0.970328 -0.241558 0.010646 4.340410 -0.176055 0.675655 -0.715887 1303.099638 0.000000 0.000000 0.000000 1.000000 
0.177946 -0.693442 -0.698193 17.533684 -0.965939 -0.258553 0.010609 4.316325 -0.187877 0.672524 -0.715831 1303.109047 0.000000 0.000000 0.000000 1.000000 
0.190181 -0.690138 -0.698241 17.518258 -0.961210 -0.275613 0.010608 4.286190 -0.199765 0.669139 -0.715784 1303.109756 0.000000 0.000000 0.000000 1.000000 
0.202382 -0.686591 -0.698309 17.507682 -0.956187 -0.292566 0.010537 4.265063 -0.211536 0.665581 -0.715719 1303.131364 0.000000 0.000000 0.000000 1.000000 
0.214373 -0.682884 -0.698365 17.492731 -0.950921 -0.309256 0.010502 4.235060 -0.223145 0.661838 -0.715665 1303.151978 0.000000 0.000000 0.000000 1.000000 
0.225992 -0.679088 -0.698403 17.477757 -0.945516 -0.325408 0.010455 4.210481 -0.234366 0.657989 -0.715628 1303.165651 0.000000 0.000000 0.000000 1.000000 
0.237871 -0.674943 -0.698477 17.468117 -0.939662 -0.341946 0.010417 4.182708 -0.245872 0.653854 -0.715557 1303.172224 0.000000 0.000000 0.000000 1.000000 
0.249549 -0.670665 -0.698522 17.455586 -0.933595 -0.358180 0.010366 4.157651 -0.257149 0.649550 -0.715513 1303.186212 0.000000 0.000000 0.000000 1.000000 
0.261117 -0.666187 -0.698579 17.444854 -0.927268 -0.374257 0.010307 4.130092 -0.268314 0.645078 -0.715459 1303.184738 0.000000 0.000000 0.000000 1.000000 
0.273006 -0.661349 -0.698630 17.430906 -0.920423 -0.390790 0.010259 4.100524 -0.279803 0.640235 -0.715409 1303.201764 0.000000 0.000000 0.000000 1.000000 
0.284387 -0.656468 -0.698694 17.420699 -0.913539 -0.406624 0.010215 4.074996 -0.290811 0.635379 -0.715347 1303.210818 0.000000 0.000000 0.000000 1.000000 
0.296263 -0.651169 -0.698719 17.409141 -0.906014 -0.423125 0.010172 4.040828 -0.302269 0.630035 -0.715324 1303.223220 0.000000 0.000000 0.000000 1.000000 
0.307739 -0.645762 -0.698776 17.395738 -0.898378 -0.439107 0.010151 4.011500 -0.313392 0.624641 -0.715269 1303.220552 0.000000 0.000000 0.000000 1.000000 
0.318830 -0.640281 -0.698848 17.391532 -0.890726 -0.454431 0.009978 4.002688 -0.323967 0.619300 -0.715201 1303.169932 0.000000 0.000000 0.000000 1.000000 
0.330249 -0.634407 -0.698902 17.379654 -0.882405 -0.470384 0.010019 3.951665 -0.335109 0.613406 -0.715147 1303.222021 0.000000 0.000000 0.000000 1.000000 
0.340908 -0.628711 -0.698931 17.365823 -0.874335 -0.485219 0.010009 3.924767 -0.345427 0.607688 -0.715119 1303.245217 0.000000 0.000000 0.000000 1.000000 
0.351788 -0.622656 -0.698959 17.354542 -0.865791 -0.500307 0.009935 3.897430 -0.355881 0.601657 -0.715092 1303.239966 0.000000 0.000000 0.000000 1.000000 
0.362300 -0.616538 -0.699013 17.347552 -0.857182 -0.514919 0.009886 3.859658 -0.366030 0.595599 -0.715041 1303.241633 0.000000 0.000000 0.000000 1.000000 
0.372779 -0.610212 -0.699054 17.339605 -0.848276 -0.529464 0.009822 3.831986 -0.376118 0.589329 -0.715001 1303.270260 0.000000 0.000000 0.000000 1.000000 
0.383632 -0.603397 -0.699099 17.329380 -0.838676 -0.544543 0.009773 3.799231 -0.386586 0.582568 -0.714958 1303.255314 0.000000 0.000000 0.000000 1.000000 
0.394007 -0.596609 -0.699154 17.323414 -0.829122 -0.558983 0.009747 3.764983 -0.396630 0.575843 -0.714905 1303.281274 0.000000 0.000000 0.000000 1.000000 
0.404480 -0.589505 -0.699199 17.317015 -0.819148 -0.573501 0.009657 3.735374 -0.406684 0.568841 -0.714862 1303.290914 0.000000 0.000000 0.000000 1.000000 
0.414942 -0.582127 -0.699251 17.310900 -0.808796 -0.588011 0.009573 3.710653 -0.416739 0.561579 -0.714813 1303.288456 0.000000 0.000000 0.000000 1.000000 
0.424907 -0.574804 -0.699324 17.308450 -0.798545 -0.601860 0.009501 3.676239 -0.426357 0.554405 -0.714741 1303.283471 0.000000 0.000000 0.000000 1.000000 
0.434975 -0.567192 -0.699350 17.302171 -0.787848 -0.615798 0.009412 3.652397 -0.435997 0.546887 -0.714718 1303.290071 0.000000 0.000000 0.000000 1.000000 
0.444615 -0.559612 -0.699394 17.296090 -0.777197 -0.629188 0.009362 3.619820 -0.445289 0.539404 -0.714675 1303.312338 0.000000 0.000000 0.000000 1.000000 
0.454185 -0.551875 -0.699393 17.282877 -0.766267 -0.642455 0.009334 3.583614 -0.454479 0.531682 -0.714677 1303.337845 0.000000 0.000000 0.000000 1.000000 
0.463463 -0.544064 -0.699426 17.278462 -0.755279 -0.655338 0.009296 3.549901 -0.463418 0.523953 -0.714645 1303.331410 0.000000 0.000000 0.000000 1.000000 
0.472750 -0.535959 -0.699468 17.276285 -0.743905 -0.668221 0.009233 3.516547 -0.472348 0.515973 -0.714604 1303.329402 0.000000 0.000000 0.000000 1.000000 
0.482031 -0.527592 -0.699495 17.268438 -0.732165 -0.681066 0.009148 3.487588 -0.481228 0.507736 -0.714579 1303.352862 0.000000 0.000000 0.000000 1.000000 
0.491003 -0.519180 -0.699549 17.269808 -0.720369 -0.693532 0.009098 3.450410 -0.489883 0.499466 -0.714527 1303.349808 0.000000 0.000000 0.000000 1.000000 
0.500083 -0.510434 -0.699553 17.260862 -0.708073 -0.706082 0.009024 3.419336 -0.498547 0.490822 -0.714524 1303.349924 0.000000 0.000000 0.000000 1.000000 
0.508785 -0.501675 -0.699615 17.262084 -0.695834 -0.718147 0.008928 3.389718 -0.506905 0.482273 -0.714465 1303.349412 0.000000 0.000000 0.000000 1.000000 
0.517450 -0.492730 -0.699616 17.255287 -0.683243 -0.730137 0.008886 3.354750 -0.515194 0.473410 -0.714464 1303.357322 0.000000 0.000000 0.000000 1.000000 
0.525968 -0.483581 -0.699648 17.255346 -0.670413 -0.741936 0.008820 3.322630 -0.523359 0.464414 -0.714434 1303.350333 0.000000 0.000000 0.000000 1.000000 
0.534426 -0.474176 -0.699676 17.250790 -0.657229 -0.753640 0.008743 3.291220 -0.531449 0.455175 -0.714407 1303.355207 0.000000 0.000000 0.000000 1.000000 
0.542671 -0.464666 -0.699710 17.253150 -0.643912 -0.765050 0.008661 3.258116 -0.539338 0.445852 -0.714374 1303.346006 0.000000 0.000000 0.000000 1.000000 
0.550863 -0.454870 -0.699745 17.251750 -0.630190 -0.776394 0.008588 3.226643 -0.547185 0.436241 -0.714341 1303.345341 0.000000 0.000000 0.000000 1.000000 
0.558826 -0.445033 -0.699756 17.248445 -0.616398 -0.787389 0.008510 3.194911 -0.554767 0.426573 -0.714331 1303.358755 0.000000 0.000000 0.000000 1.000000 
0.566360 -0.435366 -0.699781 17.248928 -0.602863 -0.797800 0.008428 3.163590 -0.561955 0.417098 -0.714308 1303.361775 0.000000 0.000000 0.000000 1.000000 
0.573778 -0.425512 -0.699798 17.250376 -0.589027 -0.808070 0.008393 3.126954 -0.569057 0.407384 -0.714291 1303.339917 0.000000 0.000000 0.000000 1.000000 
0.581291 -0.415168 -0.699812 17.247956 -0.574521 -0.818447 0.008330 3.088267 -0.576217 0.397214 -0.714279 1303.350801 0.000000 0.000000 0.000000 1.000000 
0.588403 -0.405019 -0.699815 17.247390 -0.560291 -0.828255 0.008263 3.059699 -0.582972 0.387238 -0.714276 1303.353554 0.000000 0.000000 0.000000 1.000000 
0.595366 -0.394684 -0.699831 17.249459 -0.545798 -0.837877 0.008211 3.023700 -0.589613 0.377078 -0.714261 1303.337401 0.000000 0.000000 0.000000 1.000000 
0.602443 -0.383729 -0.699868 17.253099 -0.530502 -0.847645 0.008100 2.996553 -0.596348 0.366402 -0.714226 1303.340270 0.000000 0.000000 0.000000 1.000000 
0.608887 -0.373359 -0.699900 17.257589 -0.516009 -0.856545 0.008012 2.964786 -0.602488 0.356277 -0.714196 1303.340013 0.000000 0.000000 0.000000 1.000000 
0.615509 -0.362308 -0.699916 17.258499 -0.500564 -0.865663 0.007908 2.927944 -0.608756 0.345486 -0.714182 1303.346862 0.000000 0.000000 0.000000 1.000000 
0.621801 -0.351355 -0.699938 17.261964 -0.485254 -0.874339 0.007818 2.898454 -0.614729 0.334786 -0.714161 1303.350277 0.000000 0.000000 0.000000 1.000000 
0.627888 -0.340348 -0.699942 17.265930 -0.469822 -0.882727 0.007771 2.864889 -0.620503 0.323970 -0.714157 1303.342720 0.000000 0.000000 0.000000 1.000000 
0.633868 -0.329059 -0.699951 17.268419 -0.454037 -0.890950 0.007680 2.831540 -0.626149 0.312936 -0.714149 1303.336590 0.000000 0.000000 0.000000 1.000000 
0.639528 -0.317918 -0.699951 17.270461 -0.438406 -0.898745 0.007650 2.797065 -0.631509 0.301970 -0.714150 1303.335547 0.000000 0.000000 0.000000 1.000000 
0.645092 -0.306391 -0.699986 17.278484 -0.422325 -0.906413 0.007541 2.769834 -0.636787 0.290756 -0.714117 1303.327171 0.000000 0.000000 0.000000 1.000000 
0.650439 -0.294875 -0.699985 17.282575 -0.406222 -0.913744 0.007454 2.734778 -0.641805 0.279500 -0.714119 1303.323035 0.000000 0.000000 0.000000 1.000000 
0.655418 -0.283640 -0.699983 17.286860 -0.390493 -0.920576 0.007394 2.702147 -0.646485 0.268492 -0.714121 1303.320436 0.000000 0.000000 0.000000 1.000000 
0.660360 -0.271916 -0.699990 17.293782 -0.374107 -0.927357 0.007311 2.667047 -0.651129 0.257043 -0.714115 1303.314385 0.000000 0.000000 0.000000 1.000000 
0.665051 -0.260216 -0.699996 17.301750 -0.357765 -0.933784 0.007220 2.636685 -0.655524 0.245632 -0.714110 1303.298544 0.000000 0.000000 0.000000 1.000000 
0.669296 -0.249054 -0.700011 17.310013 -0.342168 -0.939612 0.007146 2.607341 -0.659518 0.234739 -0.714096 1303.287512 0.000000 0.000000 0.000000 1.000000 
0.673733 -0.236846 -0.699992 17.313924 -0.325088 -0.945657 0.007075 2.576002 -0.663628 0.222792 -0.714116 1303.295764 0.000000 0.000000 0.000000 1.000000 
0.677588 -0.225512 -0.700014 17.325119 -0.309289 -0.950943 0.006970 2.544319 -0.667245 0.211784 -0.714095 1303.267066 0.000000 0.000000 0.000000 1.000000 
0.681423 -0.213722 -0.699990 17.330279 -0.292808 -0.956146 0.006891 2.515220 -0.670766 0.200267 -0.714120 1303.273079 0.000000 0.000000 0.000000 1.000000 
0.684953 -0.202080 -0.700002 17.339022 -0.276539 -0.960979 0.006827 2.483880 -0.674066 0.188902 -0.714108 1303.256735 0.000000 0.000000 0.000000 1.000000 
0.688427 -0.189990 -0.699980 17.345199 -0.259632 -0.965684 0.006761 2.451613 -0.677244 0.177083 -0.714130 1303.248235 0.000000 0.000000 0.000000 1.000000 
0.691686 -0.177674 -0.700001 17.357635 -0.242471 -0.970136 0.006648 2.424938 -0.680277 0.165132 -0.714111 1303.235276 0.000000 0.000000 0.000000 1.000000 
0.694588 -0.166017 -0.699990 17.366832 -0.226178 -0.974064 0.006588 2.396203 -0.682928 0.153746 -0.714123 1303.217028 0.000000 0.000000 0.000000 1.000000 
0.697452 -0.153560 -0.699986 17.374840 -0.208758 -0.977945 0.006535 2.361517 -0.685552 0.141570 -0.714127 1303.213801 0.000000 0.000000 0.000000 1.000000 
0.699983 -0.141562 -0.699989 17.385617 -0.192019 -0.981370 0.006450 2.338628 -0.687861 0.129896 -0.714125 1303.199582 0.000000 0.000000 0.000000 1.000000 
0.702370 -0.129231 -0.699983 17.395553 -0.174787 -0.984586 0.006392 2.303540 -0.690019 0.117858 -0.714131 1303.179244 0.000000 0.000000 0.000000 1.000000 
0.704520 -0.117046 -0.699966 17.406328 -0.157829 -0.987447 0.006263 2.279622 -0.691912 0.106063 -0.714149 1303.190925 0.000000 0.000000 0.000000 1.000000 
0.706516 -0.104446 -0.699947 17.417882 -0.140208 -0.990103 0.006219 2.247741 -0.693669 0.093744 -0.714168 1303.161227 0.000000 0.000000 0.000000 1.000000 
0.708228 -0.092083 -0.699952 17.425344 -0.122967 -0.992392 0.006134 2.221271 -0.695192 0.081727 -0.714163 1303.163192 0.000000 0.000000 0.000000 1.000000 
0.709685 -0.079949 -0.699968 17.441841 -0.106085 -0.994339 0.006014 2.199303 -0.696486 0.069988 -0.714149 1303.136909 0.000000 0.000000 0.000000 1.000000 
0.711031 -0.067235 -0.699939 17.452034 -0.088299 -0.996076 0.005983 2.166822 -0.697595 0.057550 -0.714178 1303.124054 0.000000 0.000000 0.000000 1.000000 
0.712082 -0.054728 -0.699960 17.467309 -0.070851 -0.997469 0.005911 2.141575 -0.698512 0.045384 -0.714158 1303.114265 0.000000 0.000000 0.000000 1.000000 
0.712958 -0.041936 -0.699951 17.480365 -0.052980 -0.998578 0.005863 2.110952 -0.699202 0.032904 -0.714167 1303.102819 0.000000 0.000000 0.000000 1.000000 
0.713608 -0.029278 -0.699933 17.491752 -0.035345 -0.999359 0.005768 2.082287 -0.699653 0.020623 -0.714185 1303.078609 0.000000 0.000000 0.000000 1.000000 
0.714031 -0.016793 -0.699912 17.503325 -0.017923 -0.999823 0.005704 2.058806 -0.699884 0.008472 -0.714206 1303.078427 0.000000 0.000000 0.000000 1.000000 
0.714231 -0.004173 -0.699898 17.519634 -0.000342 -0.999984 0.005613 2.029220 -0.699910 -0.003770 -0.714221 1303.059108 0.000000 0.000000 0.000000 1.000000 
0.714215 0.008023 -0.699881 17.536158 0.016586 -0.999848 0.005465 2.014452 -0.699730 -0.015511 -0.714239 1303.022838 0.000000 0.000000 0.000000 1.000000 
0.713976 0.020550 -0.699868 17.550730 0.033976 -0.999409 0.005315 2.002523 -0.699345 -0.027573 -0.714252 1302.981472 0.000000 0.000000 0.000000 1.000000 
0.713517 0.033256 -0.699848 17.563028 0.051782 -0.998644 0.005339 1.961987 -0.698722 -0.040049 -0.714271 1303.014312 0.000000 0.000000 0.000000 1.000000 
0.712844 0.045481 -0.699846 17.579324 0.068739 -0.997621 0.005183 1.954521 -0.697946 -0.051802 -0.714275 1302.964667 0.000000 0.000000 0.000000 1.000000 
0.711909 0.058032 -0.699870 17.604903 0.086136 -0.996271 0.005009 1.947208 -0.696970 -0.063850 -0.714253 1302.917990 0.000000 0.000000 0.000000 1.000000 
0.710865 0.070737 -0.699762 17.606134 0.104009 -0.994563 0.005122 1.883024 -0.695595 -0.076423 -0.714358 1302.963844 0.000000 0.000000 0.000000 1.000000 
0.709536 0.083259 -0.699733 17.622011 0.121447 -0.992585 0.005044 1.862214 -0.694125 -0.088559 -0.714386 1302.943789 0.000000 0.000000 0.000000 1.000000 
0.707915 0.095709 -0.699783 17.641394 0.138809 -0.990307 0.004979 1.837684 -0.692523 -0.100661 -0.714338 1302.921943 0.000000 0.000000 0.000000 1.000000 
0.706165 0.108195 -0.699732 17.653041 0.156202 -0.987713 0.004914 1.814682 -0.690602 -0.112770 -0.714389 1302.927240 0.000000 0.000000 0.000000 1.000000 
0.704071 0.120943 -0.699755 17.676724 0.173934 -0.984746 0.004808 1.796113 -0.688499 -0.125096 -0.714367 1302.895773 0.000000 0.000000 0.000000 1.000000 
0.701892 0.133215 -0.699716 17.690610 0.191031 -0.981573 0.004748 1.772177 -0.686189 -0.137000 -0.714406 1302.882092 0.000000 0.000000 0.000000 1.000000 
0.699487 0.145293 -0.699719 17.712194 0.207884 -0.978142 0.004709 1.752658 -0.683741 -0.148754 -0.714402 1302.863531 0.000000 0.000000 0.000000 1.000000 
0.696883 0.157498 -0.699677 17.729380 0.224867 -0.974379 0.004635 1.729026 -0.681020 -0.160564 -0.714444 1302.842040 0.000000 0.000000 0.000000 1.000000 
0.694296 0.168637 -0.699653 17.745511 0.240362 -0.970673 0.004561 1.712351 -0.678365 -0.171337 -0.714468 1302.822549 0.000000 0.000000 0.000000 1.000000 
0.691377 0.180291 -0.699638 17.764743 0.256587 -0.966511 0.004494 1.692062 -0.675397 -0.182625 -0.714483 1302.807992 0.000000 0.000000 0.000000 1.000000 
0.688329 0.191703 -0.699609 17.781813 0.272461 -0.962157 0.004423 1.674844 -0.672286 -0.193660 -0.714512 1302.795496 0.000000 0.000000 0.000000 1.000000 
0.685019 0.203490 -0.699529 17.795651 0.288864 -0.957360 0.004381 1.651990 -0.668810 -0.205070 -0.714591 1302.794009 0.000000 0.000000 0.000000 1.000000 
0.681650 0.214581 -0.699506 17.814100 0.304271 -0.952576 0.004291 1.638964 -0.665411 -0.215764 -0.714614 1302.777315 0.000000 0.000000 0.000000 1.000000 
0.678002 0.225955 -0.699469 17.831313 0.320062 -0.947387 0.004196 1.624082 -0.661720 -0.226718 -0.714650 1302.752654 0.000000 0.000000 0.000000 1.000000 
0.673967 0.237818 -0.699437 17.851581 0.336551 -0.941656 0.004120 1.604985 -0.657649 -0.238173 -0.714683 1302.726050 0.000000 0.000000 0.000000 1.000000 
0.669675 0.249706 -0.699416 17.872448 0.353050 -0.935596 0.004010 1.590956 -0.653369 -0.249614 -0.714704 1302.705136 0.000000 0.000000 0.000000 1.000000 
0.665258 0.261159 -0.699448 17.894769 0.369008 -0.929418 0.003945 1.577404 -0.649049 -0.260727 -0.714673 1302.669849 0.000000 0.000000 0.000000 1.000000 
0.660171 0.273974 -0.699366 17.914782 0.386809 -0.922152 0.003881 1.553061 -0.643858 -0.273083 -0.714753 1302.679025 0.000000 0.000000 0.000000 1.000000 
0.654959 0.286203 -0.699368 17.937514 0.403846 -0.914819 0.003830 1.534184 -0.638699 -0.284946 -0.714751 1302.644174 0.000000 0.000000 0.000000 1.000000 
0.649837 0.297720 -0.699339 17.959108 0.419850 -0.907586 0.003757 1.516949 -0.633591 -0.296059 -0.714781 1302.628863 0.000000 0.000000 0.000000 1.000000 
0.644542 0.309088 -0.699307 17.980760 0.435658 -0.900105 0.003701 1.501344 -0.628305 -0.307045 -0.714812 1302.588947 0.000000 0.000000 0.000000 1.000000 
0.639040 0.320449 -0.699243 17.999089 0.451447 -0.892291 0.003659 1.489999 -0.622755 -0.318009 -0.714875 1302.589081 0.000000 0.000000 0.000000 1.000000 
0.633525 0.331212 -0.699245 18.025050 0.466414 -0.884559 0.003588 1.475501 -0.617336 -0.328411 -0.714873 1302.548588 0.000000 0.000000 0.000000 1.000000 
0.627567 0.342460 -0.699200 18.044858 0.482031 -0.876147 0.003520 1.461734 -0.611397 -0.339245 -0.714917 1302.530580 0.000000 0.000000 0.000000 1.000000 
0.621349 0.353684 -0.699167 18.066062 0.497626 -0.867385 0.003461 1.448322 -0.605222 -0.350074 -0.714950 1302.514491 0.000000 0.000000 0.000000 1.000000 
0.615563 0.363750 -0.699120 18.084812 0.511604 -0.859215 0.003412 1.435896 -0.599453 -0.359772 -0.714997 1302.494924 0.000000 0.000000 0.000000 1.000000 
0.609027 0.374691 -0.699066 18.105867 0.526796 -0.849985 0.003363 1.425475 -0.592935 -0.370313 -0.715049 1302.472554 0.000000 0.000000 0.000000 1.000000 
0.602650 0.384928 -0.699030 18.128882 0.540961 -0.841041 0.003247 1.418101 -0.586663 -0.380105 -0.715085 1302.465990 0.000000 0.000000 0.000000 1.000000 
0.595951 0.395283 -0.698994 18.150849 0.555360 -0.831604 0.003217 1.405470 -0.580015 -0.390110 -0.715120 1302.437615 0.000000 0.000000 0.000000 1.000000 
0.588892 0.405820 -0.698940 18.170914 0.569971 -0.821659 0.003156 1.397287 -0.573009 -0.400234 -0.715174 1302.416358 0.000000 0.000000 0.000000 1.000000 
0.582057 0.415671 -0.698875 18.194813 0.583641 -0.812005 0.003127 1.390821 -0.566191 -0.409713 -0.715237 1302.395426 0.000000 0.000000 0.000000 1.000000 
0.575001 0.425434 -0.698842 18.214619 0.597189 -0.802095 0.003070 1.379659 -0.559231 -0.419106 -0.715270 1302.374780 0.000000 0.000000 0.000000 1.000000 
0.567639 0.435283 -0.698796 18.237036 0.610842 -0.791747 0.003010 1.371915 -0.551959 -0.428562 -0.715315 1302.352153 0.000000 0.000000 0.000000 1.000000 
0.559895 0.445263 -0.698755 18.260610 0.624692 -0.780866 0.002964 1.363102 -0.544314 -0.438166 -0.715355 1302.341275 0.000000 0.000000 0.000000 1.000000 
0.552089 0.454956 -0.698722 18.286986 0.638121 -0.769930 0.002885 1.356047 -0.536655 -0.447463 -0.715387 1302.305379 0.000000 0.000000 0.000000 1.000000 
0.544124 0.464547 -0.698660 18.305747 0.651388 -0.758740 0.002813 1.350533 -0.528794 -0.456629 -0.715449 1302.293710 0.000000 0.000000 0.000000 1.000000 
0.535850 0.474109 -0.698631 18.333069 0.664658 -0.747142 0.002763 1.343573 -0.520667 -0.465831 -0.715477 1302.256270 0.000000 0.000000 0.000000 1.000000 
0.526873 0.484160 -0.698566 18.354732 0.678588 -0.734514 0.002731 1.333952 -0.511784 -0.475478 -0.715541 1302.239993 0.000000 0.000000 0.000000 1.000000 
0.518278 0.493379 -0.698544 18.379805 0.691394 -0.722473 0.002693 1.327931 -0.503351 -0.484365 -0.715562 1302.216785 0.000000 0.000000 0.000000 1.000000 
0.508716 0.503311 -0.698489 18.406008 0.705152 -0.709052 0.002646 1.323764 -0.493933 -0.493887 -0.715616 1302.180339 0.000000 0.000000 0.000000 1.000000 
0.499944 0.512108 -0.698428 18.428270 0.717340 -0.696719 0.002626 1.317386 -0.485263 -0.502323 -0.715676 1302.175383 0.000000 0.000000 0.000000 1.000000 
0.491065 0.520692 -0.698380 18.451110 0.729239 -0.684254 0.002603 1.316425 -0.476514 -0.510565 -0.715722 1302.155762 0.000000 0.000000 0.000000 1.000000 
0.481501 0.529599 -0.698342 18.478501 0.741580 -0.670860 0.002556 1.316022 -0.467136 -0.519107 -0.715760 1302.133444 0.000000 0.000000 0.000000 1.000000 
0.472493 0.537685 -0.698316 18.502005 0.752805 -0.658239 0.002535 1.312519 -0.458295 -0.526894 -0.715785 1302.106185 0.000000 0.000000 0.000000 1.000000 
-0.721390 0.123384 -0.681450 15.673186 0.242433 0.966730 -0.081605 9.798110 0.648709 -0.224075 -0.727301 1266.670742 0.000000 0.000000 0.000000 1.000000 
0.453589 0.553836 -0.698228 18.549218 0.775153 -0.631769 0.002441 1.310512 -0.439767 -0.542341 -0.715871 1302.047669 0.000000 0.000000 0.000000 1.000000 
0.444387 0.561319 -0.698170 18.569521 0.785497 -0.618860 0.002417 1.307096 -0.430713 -0.549485 -0.715928 1302.029059 0.000000 0.000000 0.000000 1.000000 
0.433959 0.569502 -0.698103 18.596117 0.796804 -0.604233 0.002390 1.308284 -0.420456 -0.557289 -0.715993 1301.998905 0.000000 0.000000 0.000000 1.000000 
0.424264 0.576820 -0.698053 18.619178 0.806929 -0.590643 0.002373 1.307880 -0.410932 -0.564286 -0.716042 1301.988431 0.000000 0.000000 0.000000 1.000000 
0.414146 0.584171 -0.698016 18.640811 0.817093 -0.576501 0.002322 1.307864 -0.401051 -0.571306 -0.716078 1301.970156 0.000000 0.000000 0.000000 1.000000 
