-0.515786 0.207206 -0.831282 33.196488 0.368500 0.929622 0.003075 15.804198 0.773416 -0.304742 -0.555842 1280.054159 0.000000 0.000000 0.000000 1.000000 
-0.515799 0.207194 -0.831278 33.200923 0.368515 0.929617 0.003045 15.806331 0.773401 -0.304767 -0.555849 1280.058370 0.000000 0.000000 0.000000 1.000000 
-0.517278 0.203512 -0.831268 33.196958 0.361805 0.932248 0.003091 15.811675 0.775577 -0.299158 -0.555863 1280.062749 0.000000 0.000000 0.000000 1.000000 
-0.520869 0.194271 -0.831236 33.188355 0.345008 0.938594 0.003173 15.843452 0.780810 -0.285131 -0.555910 1280.069378 0.000000 0.000000 0.000000 1.000000 
-0.524161 0.185214 -0.831234 33.184284 0.328576 0.944472 0.003252 15.878012 0.785680 -0.271419 -0.555913 1280.073391 0.000000 0.000000 0.000000 1.000000 
-0.527325 0.176128 -0.831208 33.177206 0.312044 0.950062 0.003350 15.906680 0.790289 -0.257607 -0.555951 1280.088785 0.000000 0.000000 0.000000 1.000000 
-0.530353 0.166665 -0.831233 33.176365 0.294938 0.955510 0.003404 15.939370 0.794819 -0.243357 -0.555914 1280.092067 0.000000 0.000000 0.000000 1.000000 
-0.533013 0.158100 -0.831205 33.168853 0.279385 0.960173 0.003474 15.962227 0.798650 -0.230374 -0.555955 1280.115599 0.000000 0.000000 0.000000 1.000000 
-0.535697 0.148746 -0.831206 33.162093 0.262420 0.964947 0.003555 15.996581 0.802599 -0.216221 -0.555953 1280.122457 0.000000 0.000000 0.000000 1.000000 
-0.538176 0.139530 -0.831203 33.157038 0.245718 0.969335 0.003623 16.023636 0.806219 -0.202292 -0.555957 1280.138476 0.000000 0.000000 0.000000 1.000000 
-0.540398 0.130664 -0.831202 33.154280 0.229744 0.973244 0.003627 16.068637 0.809437 -0.189003 -0.555958 1280.168950 0.000000 0.000000 0.000000 1.000000 
-0.542520 0.121496 -0.831211 33.144068 0.212996 0.977046 0.003792 16.087334 0.812591 -0.174987 -0.555945 1280.147653 0.000000 0.000000 0.000000 1.000000 
-0.544480 0.112483 -0.831197 33.136094 0.196604 0.980475 0.003898 16.113637 0.815407 -0.161294 -0.555964 1280.158923 0.000000 0.000000 0.000000 1.000000 
-0.546302 0.103228 -0.831203 33.129827 0.179904 0.983676 0.003923 16.144589 0.818040 -0.147394 -0.555955 1280.175239 0.000000 0.000000 0.000000 1.000000 
-0.547991 0.093762 -0.831213 33.122734 0.162785 0.986654 0.003977 16.180298 0.820492 -0.133129 -0.555940 1280.182757 0.000000 0.000000 0.000000 1.000000 
-0.549568 0.084286 -0.831186 33.112320 0.145562 0.989341 0.004080 16.202871 0.822671 -0.118747 -0.555979 1280.207839 0.000000 0.000000 0.000000 1.000000 
-0.550991 0.074544 -0.831175 33.101147 0.127887 0.991780 0.004171 16.230782 0.824654 -0.103998 -0.555995 1280.222307 0.000000 0.000000 0.000000 1.000000 
-0.552130 0.065775 -0.831159 33.088834 0.111956 0.993704 0.004267 16.254147 0.826207 -0.090697 -0.556018 1280.230512 0.000000 0.000000 0.000000 1.000000 
-0.553160 0.056282 -0.831172 33.083080 0.094786 0.995488 0.004327 16.280682 0.827666 -0.076389 -0.555999 1280.249371 0.000000 0.000000 0.000000 1.000000 
-0.554075 0.046496 -0.831168 33.069269 0.076997 0.997021 0.004446 16.310723 0.828899 -0.061534 -0.556004 1280.259040 0.000000 0.000000 0.000000 1.000000 
-0.554745 0.037510 -0.831175 33.061987 0.060720 0.998145 0.004520 16.336144 0.829802 -0.047962 -0.555993 1280.285431 0.000000 0.000000 0.000000 1.000000 
-0.555336 0.027447 -0.831173 33.047904 0.042474 0.999087 0.004614 16.366623 0.830541 -0.032741 -0.555995 1280.286183 0.000000 0.000000 0.000000 1.000000 
-0.555678 0.018343 -0.831195 33.041272 0.026035 0.999650 0.004655 16.392567 0.830990 -0.019053 -0.555961 1280.294545 0.000000 0.000000 0.000000 1.000000 
-0.555913 0.008895 -0.831193 33.032342 0.008922 0.999949 0.004734 16.418843 0.831193 -0.004785 -0.555964 1280.321192 0.000000 0.000000 0.000000 1.000000 
-0.555982 -0.000277 -0.831194 33.018729 -0.007772 0.999958 0.004866 16.438203 0.831158 0.009165 -0.555961 1280.331366 0.000000 0.000000 0.000000 1.000000 
-0.555881 -0.009921 -0.831203 33.006607 -0.025218 0.999670 0.004934 16.463609 0.830879 0.023704 -0.555948 1280.346741 0.000000 0.000000 0.000000 1.000000 
-0.555636 -0.019562 -0.831196 32.992810 -0.042678 0.999076 0.005016 16.488615 0.830330 0.038261 -0.555957 1280.365933 0.000000 0.000000 0.000000 1.000000 
-0.555224 -0.028917 -0.831198 32.977572 -0.059673 0.998205 0.005134 16.508376 0.829557 0.052450 -0.555953 1280.354264 0.000000 0.000000 0.000000 1.000000 
-0.554621 -0.038532 -0.831211 32.966983 -0.077042 0.997014 0.005188 16.536322 0.828529 0.066916 -0.555934 1280.390068 0.000000 0.000000 0.000000 1.000000 
-0.553811 -0.048305 -0.831240 32.958883 -0.094703 0.995492 0.005245 16.561499 0.827239 0.081626 -0.555889 1280.404971 0.000000 0.000000 0.000000 1.000000 
-0.552906 -0.057698 -0.831243 32.947720 -0.111683 0.993730 0.005310 16.586343 0.825725 0.095772 -0.555883 1280.441303 0.000000 0.000000 0.000000 1.000000 
-0.551794 -0.067450 -0.831248 32.933554 -0.129338 0.991586 0.005396 16.613086 0.823890 0.110490 -0.555875 1280.448171 0.000000 0.000000 0.000000 1.000000 
-0.550581 -0.076508 -0.831268 32.923645 -0.145746 0.989307 0.005480 16.633948 0.821960 0.124171 -0.555844 1280.470923 0.000000 0.000000 0.000000 1.000000 
-0.549101 -0.086312 -0.831287 32.904972 -0.163429 0.986540 0.005520 16.657115 0.819621 0.138887 -0.555816 1280.473266 0.000000 0.000000 0.000000 1.000000 
-0.552306 -0.094710 -0.828244 32.125308 -0.182728 0.983118 0.009430 16.455827 0.813369 0.156552 -0.560288 1279.056354 0.000000 0.000000 0.000000 1.000000 
-0.545808 -0.105024 -0.831302 32.877220 -0.197309 0.980325 0.005696 16.694585 0.814348 0.167132 -0.555792 1280.521916 0.000000 0.000000 0.000000 1.000000 
-0.543829 -0.114771 -0.831311 32.867805 -0.214950 0.976608 0.005785 16.724546 0.811201 0.181836 -0.555778 1280.558735 0.000000 0.000000 0.000000 1.000000 
-0.541873 -0.123490 -0.831338 32.858117 -0.230727 0.973001 0.005856 16.742794 0.808170 0.194986 -0.555736 1280.601698 0.000000 0.000000 0.000000 1.000000 
-0.539597 -0.132975 -0.831356 32.843075 -0.247895 0.968769 0.005944 16.763906 0.804601 0.209296 -0.555708 1280.602462 0.000000 0.000000 0.000000 1.000000 
-0.537172 -0.142328 -0.831378 32.828941 -0.264825 0.964278 0.006029 16.785499 0.800821 0.223409 -0.555675 1280.628993 0.000000 0.000000 0.000000 1.000000 
-0.534706 -0.151644 -0.831320 32.801758 -0.281398 0.959573 0.005956 16.827943 0.796809 0.237116 -0.555762 1280.648901 0.000000 0.000000 0.000000 1.000000 
-0.531856 -0.160931 -0.831402 32.801488 -0.298463 0.954401 0.006190 16.821948 0.792495 0.251435 -0.555636 1280.681938 0.000000 0.000000 0.000000 1.000000 
-0.529036 -0.169835 -0.831430 32.783165 -0.314560 0.949217 0.006259 16.838801 0.788145 0.264846 -0.555594 1280.688435 0.000000 0.000000 0.000000 1.000000 
0.000000 0.000000 0.000000 -263.765740 0.000000 0.000000 0.000000 0.849547 0.000000 0.000000 0.000000 13.577706 0.000000 0.000000 0.000000 1.000000 
-0.522567 -0.188538 -0.831491 32.755029 -0.348379 0.937332 0.006409 16.878080 0.778175 0.293023 -0.555501 1280.729222 0.000000 0.000000 0.000000 1.000000 
-0.519303 -0.197251 -0.831514 32.739077 -0.364086 0.931343 0.006450 16.900040 0.773153 0.306093 -0.555466 1280.747752 0.000000 0.000000 0.000000 1.000000 
-0.515799 -0.206191 -0.831527 32.722757 -0.380267 0.924854 0.006547 16.912190 0.767691 0.319579 -0.555446 1280.773480 0.000000 0.000000 0.000000 1.000000 
-0.512245 -0.214811 -0.831542 32.707515 -0.395819 0.918305 0.006607 16.925956 0.762190 0.332524 -0.555423 1280.802968 0.000000 0.000000 0.000000 1.000000 
0.549646 0.227121 0.803931 32.189423 -0.231731 0.966020 -0.114479 22.528245 -0.802614 -0.123373 0.583601 1253.760992 0.000000 0.000000 0.000000 1.000000 
-0.504485 -0.232288 -0.831587 32.676524 -0.427420 0.904028 0.006773 16.952256 0.750205 0.358854 -0.555352 1280.858594 0.000000 0.000000 0.000000 1.000000 
-0.500346 -0.240973 -0.831616 32.658593 -0.443102 0.896445 0.006836 16.968514 0.743851 0.371911 -0.555309 1280.869874 0.000000 0.000000 0.000000 1.000000 
-0.495938 -0.249778 -0.831659 32.647880 -0.458947 0.888437 0.006850 16.990617 0.737165 0.385084 -0.555245 1280.917643 0.000000 0.000000 0.000000 1.000000 
-0.491644 -0.258027 -0.831690 32.633797 -0.473831 0.880589 0.006902 17.005643 0.730596 0.397474 -0.555197 1280.942441 0.000000 0.000000 0.000000 1.000000 
-0.487044 -0.266571 -0.831702 32.614180 -0.489288 0.872094 0.007010 17.014172 0.723454 0.410356 -0.555178 1280.962853 0.000000 0.000000 0.000000 1.000000 
-0.482344 -0.274851 -0.831746 32.599414 -0.504240 0.863535 0.007061 17.024880 0.716301 0.422805 -0.555111 1280.990284 0.000000 0.000000 0.000000 1.000000 
-0.477488 -0.283135 -0.831769 32.585387 -0.519172 0.854640 0.007117 17.034751 0.708848 0.435230 -0.555076 1281.027179 0.000000 0.000000 0.000000 1.000000 
-0.472424 -0.291431 -0.831796 32.566441 -0.534146 0.845362 0.007188 17.049577 0.701073 0.447696 -0.555035 1281.043537 0.000000 0.000000 0.000000 1.000000 
-0.467495 -0.299212 -0.831818 32.550444 -0.548204 0.836313 0.007271 17.056278 0.693484 0.459405 -0.555001 1281.071534 0.000000 0.000000 0.000000 1.000000 
-0.462074 -0.307401 -0.831860 32.536001 -0.562984 0.826436 0.007325 17.069915 0.685227 0.471709 -0.554936 1281.091928 0.000000 0.000000 0.000000 1.000000 
-0.456736 -0.315234 -0.831878 32.512371 -0.577086 0.816650 0.007381 17.077213 0.677026 0.483437 -0.554910 1281.104843 0.000000 0.000000 0.000000 1.000000 
-0.451203 -0.323005 -0.831916 32.501250 -0.591124 0.806546 0.007452 17.086774 0.668571 0.495128 -0.554852 1281.134581 0.000000 0.000000 0.000000 1.000000 
-0.445332 -0.331010 -0.831932 32.479528 -0.605530 0.795787 0.007511 17.094843 0.659555 0.507105 -0.554826 1281.161777 0.000000 0.000000 0.000000 1.000000 
-0.439592 -0.338538 -0.831956 32.463448 -0.619095 0.785279 0.007575 17.103907 0.650754 0.518390 -0.554790 1281.200143 0.000000 0.000000 0.000000 1.000000 
-0.433465 -0.346297 -0.831977 32.442527 -0.633080 0.774049 0.007654 17.106966 0.641341 0.530026 -0.554757 1281.222833 0.000000 0.000000 0.000000 1.000000 
-0.427397 -0.353682 -0.832010 32.426443 -0.646392 0.762967 0.007714 17.115130 0.632068 0.541101 -0.554707 1281.245551 0.000000 0.000000 0.000000 1.000000 
-0.421073 -0.361106 -0.832046 32.409720 -0.659782 0.751417 0.007783 17.121781 0.622403 0.552246 -0.554653 1281.264393 0.000000 0.000000 0.000000 1.000000 
-0.414333 -0.368778 -0.832064 32.386957 -0.673526 0.739122 0.007803 17.131290 0.612120 0.563650 -0.554624 1281.295039 0.000000 0.000000 0.000000 1.000000 
-0.408141 -0.375535 -0.832102 32.372801 -0.685719 0.727824 0.007868 17.133284 0.602669 0.573800 -0.554566 1281.332554 0.000000 0.000000 0.000000 1.000000 
-0.401415 -0.382596 -0.832158 32.355840 -0.698459 0.715606 0.007912 17.141108 0.592470 0.584404 -0.554482 1281.341952 0.000000 0.000000 0.000000 1.000000 
-0.394849 -0.389307 -0.832186 32.341058 -0.710541 0.703611 0.007974 17.146981 0.582431 0.594451 -0.554439 1281.378175 0.000000 0.000000 0.000000 1.000000 
-0.388129 -0.395964 -0.832207 32.323160 -0.722494 0.691331 0.008026 17.143427 0.572153 0.604379 -0.554407 1281.424188 0.000000 0.000000 0.000000 1.000000 
-0.380926 -0.402788 -0.832260 32.303670 -0.734765 0.678274 0.008038 17.156375 0.561262 0.614578 -0.554327 1281.432580 0.000000 0.000000 0.000000 1.000000 
-0.374019 -0.409149 -0.832290 32.284146 -0.746212 0.665660 0.008103 17.158038 0.550707 0.624095 -0.554281 1281.461901 0.000000 0.000000 0.000000 1.000000 
-0.366807 -0.415535 -0.832336 32.268285 -0.757725 0.652523 0.008161 17.159409 0.539727 0.633675 -0.554212 1281.486327 0.000000 0.000000 0.000000 1.000000 
-0.359694 -0.421644 -0.832368 32.250630 -0.768667 0.639596 0.008173 17.161835 0.528934 0.642754 -0.554163 1281.506162 0.000000 0.000000 0.000000 1.000000 
-0.352317 -0.427777 -0.832394 32.230014 -0.779654 0.626157 0.008205 17.164683 0.517700 0.651869 -0.554124 1281.542108 0.000000 0.000000 0.000000 1.000000 
-0.344579 -0.433955 -0.832435 32.211298 -0.790790 0.612031 0.008284 17.160138 0.505881 0.661136 -0.554061 1281.574920 0.000000 0.000000 0.000000 1.000000 
-0.337193 -0.439680 -0.832456 32.191964 -0.801037 0.598557 0.008325 17.158637 0.494612 0.669635 -0.554029 1281.599902 0.000000 0.000000 0.000000 1.000000 
-0.329707 -0.445258 -0.832489 32.174425 -0.811055 0.584909 0.008379 17.156376 0.483200 0.677957 -0.553978 1281.624180 0.000000 0.000000 0.000000 1.000000 
-0.321579 -0.451052 -0.832550 32.158682 -0.821481 0.570174 0.008399 17.157380 0.470910 0.686625 -0.553886 1281.645135 0.000000 0.000000 0.000000 1.000000 
-0.314054 -0.456289 -0.832569 32.138982 -0.830828 0.556466 0.008426 17.159538 0.459451 0.694367 -0.553858 1281.690291 0.000000 0.000000 0.000000 1.000000 
-0.305549 -0.461975 -0.832598 32.118368 -0.841021 0.540935 0.008498 17.154788 0.446456 0.702829 -0.553813 1281.712352 0.000000 0.000000 0.000000 1.000000 
-0.297569 -0.467062 -0.832650 32.100290 -0.850155 0.526463 0.008514 17.148282 0.434383 0.710415 -0.553734 1281.726414 0.000000 0.000000 0.000000 1.000000 
-0.289429 -0.472078 -0.832690 32.087879 -0.859143 0.511664 0.008546 17.149872 0.422023 0.717874 -0.553673 1281.781500 0.000000 0.000000 0.000000 1.000000 
-0.280739 -0.477224 -0.832732 32.066559 -0.868363 0.495855 0.008585 17.144701 0.408818 0.725524 -0.553610 1281.795122 0.000000 0.000000 0.000000 1.000000 
-0.272420 -0.481941 -0.832779 32.050377 -0.876818 0.480744 0.008613 17.138953 0.396203 0.732542 -0.553539 1281.825447 0.000000 0.000000 0.000000 1.000000 
-0.263703 -0.486673 -0.832833 32.036456 -0.885320 0.464902 0.008653 17.135890 0.382974 0.739605 -0.553457 1281.858003 0.000000 0.000000 0.000000 1.000000 
-0.255479 -0.491029 -0.832839 32.011948 -0.893039 0.449895 0.008694 17.126224 0.370421 0.745979 -0.553447 1281.873793 0.000000 0.000000 0.000000 1.000000 
-0.246881 -0.495347 -0.832875 31.992176 -0.900738 0.434275 0.008714 17.122431 0.357381 0.752354 -0.553392 1281.891718 0.000000 0.000000 0.000000 1.000000 
-0.238104 -0.499536 -0.832929 31.975358 -0.908247 0.418344 0.008739 17.113833 0.344085 0.758585 -0.553311 1281.921315 0.000000 0.000000 0.000000 1.000000 
-0.229696 -0.503372 -0.832981 31.961162 -0.915114 0.403101 0.008750 17.110848 0.331371 0.764282 -0.553233 1281.953178 0.000000 0.000000 0.000000 1.000000 
-0.220330 -0.507479 -0.833018 31.940632 -0.922424 0.386078 0.008776 17.103791 0.317156 0.770330 -0.553176 1281.978869 0.000000 0.000000 0.000000 1.000000 
-0.211672 -0.511042 -0.833085 31.922203 -0.928847 0.370359 0.008812 17.091542 0.304037 0.775674 -0.553075 1281.994927 0.000000 0.000000 0.000000 1.000000 
-0.202506 -0.514704 -0.833110 31.903399 -0.935315 0.353706 0.008826 17.082933 0.290133 0.781007 -0.553038 1282.021680 0.000000 0.000000 0.000000 1.000000 
-0.193267 -0.518073 -0.833216 31.900986 -0.941448 0.337043 0.008807 17.077219 0.276267 0.786131 -0.552878 1282.075610 0.000000 0.000000 0.000000 1.000000 
-0.184361 -0.521250 -0.833253 31.880340 -0.947084 0.320863 0.008827 17.065106 0.262759 0.790788 -0.552822 1282.099435 0.000000 0.000000 0.000000 1.000000 
-0.174525 -0.524541 -0.833305 31.860943 -0.952951 0.302995 0.008856 17.049701 0.247842 0.795645 -0.552742 1282.115683 0.000000 0.000000 0.000000 1.000000 
-0.165781 -0.527290 -0.833356 31.847781 -0.957838 0.287174 0.008840 17.041273 0.234657 0.799685 -0.552667 1282.157243 0.000000 0.000000 0.000000 1.000000 
-0.156420 -0.530062 -0.833407 31.830922 -0.962759 0.270218 0.008834 17.032082 0.220519 0.803751 -0.552589 1282.182986 0.000000 0.000000 0.000000 1.000000 
-0.147087 -0.532666 -0.833446 31.812383 -0.967360 0.253253 0.008863 17.019224 0.206352 0.807546 -0.552530 1282.199150 0.000000 0.000000 0.000000 1.000000 
-0.137979 -0.535020 -0.833496 31.796617 -0.971539 0.236713 0.008885 17.003060 0.192546 0.810999 -0.552455 1282.231550 0.000000 0.000000 0.000000 1.000000 
-0.128153 -0.537395 -0.833537 31.781187 -0.975704 0.218913 0.008874 16.991194 0.177703 0.814422 -0.552393 1282.263127 0.000000 0.000000 0.000000 1.000000 
-0.118767 -0.539430 -0.833612 31.770667 -0.979363 0.201912 0.008875 16.979751 0.163529 0.817463 -0.552279 1282.294959 0.000000 0.000000 0.000000 1.000000 
-0.109073 -0.541429 -0.833641 31.748867 -0.982822 0.184341 0.008867 16.965453 0.148873 0.820288 -0.552235 1282.309363 0.000000 0.000000 0.000000 1.000000 
-0.099402 -0.543229 -0.833679 31.728056 -0.985965 0.166714 0.008928 16.946938 0.134137 0.822866 -0.552177 1282.333669 0.000000 0.000000 0.000000 1.000000 
-0.090012 -0.544758 -0.833749 31.717725 -0.988687 0.149730 0.008908 16.931748 0.119984 0.825118 -0.552072 1282.359173 0.000000 0.000000 0.000000 1.000000 
-0.080141 -0.546230 -0.833792 31.702460 -0.991224 0.131898 0.008864 16.918161 0.105133 0.827185 -0.552007 1282.388813 0.000000 0.000000 0.000000 1.000000 
-0.071240 -0.547383 -0.833845 31.687779 -0.993241 0.115731 0.008886 16.898458 0.091638 0.828842 -0.551928 1282.394972 0.000000 0.000000 0.000000 1.000000 
-0.061529 -0.548476 -0.833899 31.671679 -0.995135 0.098118 0.008892 16.878484 0.076943 0.830390 -0.551845 1282.419878 0.000000 0.000000 0.000000 1.000000 
-0.052127 -0.549372 -0.833950 31.655684 -0.996665 0.081116 0.008862 16.863226 0.062778 0.831631 -0.551768 1282.434157 0.000000 0.000000 0.000000 1.000000 
-0.042731 -0.550148 -0.833973 31.640265 -0.997907 0.064056 0.008875 16.844694 0.048539 0.832607 -0.551734 1282.473333 0.000000 0.000000 0.000000 1.000000 
-0.033074 -0.550757 -0.834010 31.623415 -0.998877 0.046537 0.008880 16.824456 0.033921 0.833367 -0.551678 1282.490925 0.000000 0.000000 0.000000 1.000000 
-0.023505 -0.551167 -0.834064 31.608378 -0.999533 0.029242 0.008844 16.805631 0.019515 0.833883 -0.551597 1282.517823 0.000000 0.000000 0.000000 1.000000 
-0.013987 -0.551435 -0.834101 31.596136 -0.999889 0.011995 0.008837 16.786293 0.005132 0.834132 -0.551541 1282.543812 0.000000 0.000000 0.000000 1.000000 
-0.004325 -0.551482 -0.834175 31.586234 -0.999947 -0.005442 0.008782 16.765097 -0.009383 0.834169 -0.551429 1282.566581 0.000000 0.000000 0.000000 1.000000 
0.005161 -0.551412 -0.834217 31.573155 -0.999707 -0.022573 0.008736 16.756715 -0.023648 0.833928 -0.551367 1282.596350 0.000000 0.000000 0.000000 1.000000 
0.014885 -0.551182 -0.834252 31.554564 -0.999154 -0.040181 0.008720 16.729203 -0.038328 0.833417 -0.551314 1282.610017 0.000000 0.000000 0.000000 1.000000 
0.024632 -0.550758 -0.834302 31.543291 -0.998281 -0.057949 0.008781 16.697445 -0.053183 0.832651 -0.551238 1282.649788 0.000000 0.000000 0.000000 1.000000 
0.034324 -0.550190 -0.834334 31.527469 -0.997113 -0.075428 0.008720 16.680351 -0.067730 0.831626 -0.551191 1282.652468 0.000000 0.000000 0.000000 1.000000 
0.044107 -0.549406 -0.834390 31.515555 -0.995614 -0.093150 0.008705 16.660525 -0.082505 0.830347 -0.551105 1282.673714 0.000000 0.000000 0.000000 1.000000 
0.053629 -0.548471 -0.834448 31.504222 -0.993860 -0.110308 0.008630 16.642354 -0.096780 0.828862 -0.551019 1282.699903 0.000000 0.000000 0.000000 1.000000 
0.063476 -0.547346 -0.834496 31.489450 -0.991722 -0.128115 0.008595 16.617125 -0.111615 0.827042 -0.550948 1282.711397 0.000000 0.000000 0.000000 1.000000 
0.072736 -0.546133 -0.834535 31.479487 -0.989410 -0.144895 0.008587 16.594569 -0.125609 0.825072 -0.550888 1282.743623 0.000000 0.000000 0.000000 1.000000 
0.082241 -0.544711 -0.834582 31.465611 -0.986731 -0.162134 0.008587 16.567082 -0.139991 0.822802 -0.550817 1282.753355 0.000000 0.000000 0.000000 1.000000 
0.091911 -0.543111 -0.834616 31.451506 -0.983696 -0.179638 0.008568 16.539774 -0.154582 0.820220 -0.550766 1282.771489 0.000000 0.000000 0.000000 1.000000 
0.101531 -0.541329 -0.834658 31.438397 -0.980358 -0.197039 0.008538 16.515584 -0.169082 0.817397 -0.550702 1282.796509 0.000000 0.000000 0.000000 1.000000 
0.111327 -0.539335 -0.834700 31.430476 -0.976634 -0.214740 0.008495 16.491387 -0.183825 0.814251 -0.550639 1282.832143 0.000000 0.000000 0.000000 1.000000 
0.120655 -0.537243 -0.834753 31.418226 -0.972775 -0.231599 0.008452 16.464872 -0.197868 0.811007 -0.550560 1282.836547 0.000000 0.000000 0.000000 1.000000 
0.130079 -0.534969 -0.834798 31.406767 -0.968560 -0.248639 0.008415 16.440950 -0.212065 0.807457 -0.550492 1282.848894 0.000000 0.000000 0.000000 1.000000 
0.139514 -0.532528 -0.834835 31.391732 -0.964006 -0.265746 0.008415 16.410913 -0.226335 0.803612 -0.550436 1282.853171 0.000000 0.000000 0.000000 1.000000 
0.148942 -0.529886 -0.834887 31.385929 -0.959157 -0.282750 0.008345 16.390037 -0.240486 0.799545 -0.550358 1282.876743 0.000000 0.000000 0.000000 1.000000 
0.158200 -0.527127 -0.834931 31.375606 -0.954062 -0.299494 0.008310 16.360302 -0.254437 0.795261 -0.550292 1282.900364 0.000000 0.000000 0.000000 1.000000 
0.167178 -0.524302 -0.834961 31.363801 -0.948823 -0.315700 0.008264 16.335932 -0.267930 0.790848 -0.550248 1282.917157 0.000000 0.000000 0.000000 1.000000 
0.176351 -0.521197 -0.835018 31.355680 -0.943139 -0.332297 0.008227 16.308273 -0.281762 0.786087 -0.550162 1282.925906 0.000000 0.000000 0.000000 1.000000 
0.185377 -0.517998 -0.835053 31.346326 -0.937239 -0.348593 0.008177 16.283413 -0.295329 0.781128 -0.550109 1282.942488 0.000000 0.000000 0.000000 1.000000 
0.194320 -0.514639 -0.835097 31.335422 -0.931076 -0.364734 0.008118 16.255905 -0.308766 0.775961 -0.550043 1282.943607 0.000000 0.000000 0.000000 1.000000 
0.203511 -0.511009 -0.835137 31.325315 -0.924401 -0.381336 0.008071 16.226568 -0.322592 0.770359 -0.549983 1282.963504 0.000000 0.000000 0.000000 1.000000 
0.212307 -0.507336 -0.835186 31.317177 -0.917680 -0.397240 0.008028 16.201180 -0.335842 0.764729 -0.549909 1282.974776 0.000000 0.000000 0.000000 1.000000 
0.221493 -0.503362 -0.835205 31.308401 -0.910325 -0.413818 0.007986 16.167189 -0.349643 0.758539 -0.549881 1282.989691 0.000000 0.000000 0.000000 1.000000 
0.230360 -0.499292 -0.835249 31.294626 -0.902852 -0.429877 0.007965 16.137917 -0.363031 0.752272 -0.549814 1282.990231 0.000000 0.000000 0.000000 1.000000 
0.238970 -0.495135 -0.835305 31.279683 -0.895358 -0.445280 0.007794 16.128688 -0.375803 0.746035 -0.549731 1282.941761 0.000000 0.000000 0.000000 1.000000 
0.247780 -0.490714 -0.835347 31.278998 -0.887201 -0.461317 0.007835 16.078192 -0.389205 0.739179 -0.549667 1282.995681 0.000000 0.000000 0.000000 1.000000 
0.256022 -0.486427 -0.835369 31.270332 -0.879284 -0.476234 0.007825 16.051578 -0.401638 0.732523 -0.549634 1283.021555 0.000000 0.000000 0.000000 1.000000 
0.264455 -0.481855 -0.835392 31.258086 -0.870894 -0.491410 0.007752 16.024262 -0.414255 0.725488 -0.549601 1283.019099 0.000000 0.000000 0.000000 1.000000 
0.272592 -0.477227 -0.835433 31.251468 -0.862435 -0.506109 0.007703 15.986548 -0.426497 0.718407 -0.549538 1283.022587 0.000000 0.000000 0.000000 1.000000 
0.280711 -0.472439 -0.835466 31.249707 -0.853679 -0.520744 0.007640 15.959173 -0.438673 0.711074 -0.549490 1283.052519 0.000000 0.000000 0.000000 1.000000 
0.289117 -0.467281 -0.835500 31.236403 -0.844234 -0.535921 0.007592 15.926349 -0.451310 0.703163 -0.549438 1283.040419 0.000000 0.000000 0.000000 1.000000 
0.297147 -0.462140 -0.835542 31.235983 -0.834828 -0.550459 0.007567 15.892364 -0.463428 0.695286 -0.549374 1283.067387 0.000000 0.000000 0.000000 1.000000 
0.305272 -0.456749 -0.835578 31.231676 -0.825004 -0.565078 0.007478 15.862878 -0.475582 0.687072 -0.549322 1283.078460 0.000000 0.000000 0.000000 1.000000 
0.313386 -0.451145 -0.835618 31.225083 -0.814801 -0.579693 0.007394 15.838172 -0.487738 0.678545 -0.549261 1283.077604 0.000000 0.000000 0.000000 1.000000 
0.321110 -0.445574 -0.835675 31.221494 -0.804692 -0.593648 0.007323 15.803731 -0.499359 0.670109 -0.549175 1283.073593 0.000000 0.000000 0.000000 1.000000 
0.328929 -0.439795 -0.835695 31.216677 -0.794138 -0.607695 0.007234 15.779985 -0.511029 0.661278 -0.549146 1283.081613 0.000000 0.000000 0.000000 1.000000 
0.336406 -0.434036 -0.835729 31.215363 -0.783625 -0.621193 0.007185 15.747639 -0.522268 0.652481 -0.549094 1283.104982 0.000000 0.000000 0.000000 1.000000 
0.343836 -0.428176 -0.835729 31.207758 -0.772831 -0.634571 0.007157 15.711735 -0.533394 0.643416 -0.549096 1283.133073 0.000000 0.000000 0.000000 1.000000 
0.351035 -0.422243 -0.835754 31.201943 -0.761976 -0.647567 0.007119 15.677993 -0.544213 0.634325 -0.549058 1283.128057 0.000000 0.000000 0.000000 1.000000 
0.358246 -0.416077 -0.835787 31.199261 -0.750735 -0.660566 0.007057 15.644636 -0.555029 0.624926 -0.549008 1283.126886 0.000000 0.000000 0.000000 1.000000 
0.365464 -0.409708 -0.835808 31.196489 -0.739126 -0.673531 0.006972 15.615929 -0.565799 0.615220 -0.548977 1283.151761 0.000000 0.000000 0.000000 1.000000 
0.372427 -0.403302 -0.835850 31.197035 -0.727459 -0.686117 0.006923 15.578718 -0.576283 0.605468 -0.548914 1283.148849 0.000000 0.000000 0.000000 1.000000 
0.379497 -0.396650 -0.835853 31.188201 -0.715292 -0.698792 0.006849 15.547699 -0.586804 0.595280 -0.548910 1283.151173 0.000000 0.000000 0.000000 1.000000 
0.386261 -0.389962 -0.835902 31.189173 -0.703177 -0.710982 0.006755 15.518070 -0.596945 0.585178 -0.548838 1283.150702 0.000000 0.000000 0.000000 1.000000 
0.393006 -0.383161 -0.835903 31.184086 -0.690710 -0.723101 0.006712 15.483213 -0.607014 0.574728 -0.548836 1283.160221 0.000000 0.000000 0.000000 1.000000 
0.399635 -0.376187 -0.835928 31.182530 -0.678001 -0.735031 0.006647 15.451033 -0.616933 0.564104 -0.548799 1283.153695 0.000000 0.000000 0.000000 1.000000 
0.406222 -0.369014 -0.835950 31.178999 -0.664938 -0.746870 0.006570 15.419695 -0.626770 0.553186 -0.548766 1283.159735 0.000000 0.000000 0.000000 1.000000 
0.412645 -0.361755 -0.835977 31.179215 -0.651738 -0.758416 0.006489 15.386498 -0.636366 0.542161 -0.548726 1283.150567 0.000000 0.000000 0.000000 1.000000 
0.419027 -0.354278 -0.836004 31.177586 -0.638133 -0.769900 0.006417 15.355029 -0.645913 0.530793 -0.548685 1283.150523 0.000000 0.000000 0.000000 1.000000 
0.425241 -0.346773 -0.836013 31.177098 -0.624454 -0.781036 0.006338 15.323436 -0.655154 0.519357 -0.548673 1283.164643 0.000000 0.000000 0.000000 1.000000 
0.431120 -0.339390 -0.836032 31.178094 -0.611026 -0.791585 0.006257 15.292140 -0.663915 0.508140 -0.548644 1283.167795 0.000000 0.000000 0.000000 1.000000 
0.436904 -0.331875 -0.836046 31.174706 -0.597296 -0.801997 0.006222 15.255307 -0.672571 0.496649 -0.548624 1283.146490 0.000000 0.000000 0.000000 1.000000 
0.442772 -0.323978 -0.836057 31.174516 -0.582897 -0.812522 0.006159 15.216730 -0.681310 0.484608 -0.548608 1283.158018 0.000000 0.000000 0.000000 1.000000 
0.448333 -0.316229 -0.836060 31.174442 -0.568768 -0.822475 0.006092 15.188191 -0.689565 0.472793 -0.548604 1283.161108 0.000000 0.000000 0.000000 1.000000 
0.453774 -0.308336 -0.836073 31.172880 -0.554375 -0.832245 0.006041 15.152041 -0.697680 0.460756 -0.548586 1283.145238 0.000000 0.000000 0.000000 1.000000 
0.459309 -0.299949 -0.836101 31.176945 -0.539180 -0.842170 0.005930 15.124900 -0.705918 0.448085 -0.548543 1283.147529 0.000000 0.000000 0.000000 1.000000 
0.464350 -0.292012 -0.836127 31.181155 -0.524779 -0.851219 0.005842 15.093106 -0.713433 0.436069 -0.548505 1283.146630 0.000000 0.000000 0.000000 1.000000 
0.469541 -0.283552 -0.836139 31.183365 -0.509428 -0.860494 0.005738 15.056321 -0.721120 0.423258 -0.548487 1283.153487 0.000000 0.000000 0.000000 1.000000 
0.474473 -0.275168 -0.836157 31.187366 -0.494206 -0.869326 0.005649 15.026842 -0.728447 0.410554 -0.548461 1283.156373 0.000000 0.000000 0.000000 1.000000 
0.479246 -0.266755 -0.836161 31.189501 -0.478862 -0.877872 0.005601 14.993190 -0.735537 0.397721 -0.548456 1283.148471 0.000000 0.000000 0.000000 1.000000 
0.483944 -0.258110 -0.836168 31.190498 -0.463161 -0.886257 0.005511 14.959775 -0.742482 0.384614 -0.548446 1283.142278 0.000000 0.000000 0.000000 1.000000 
0.488390 -0.249595 -0.836168 31.192139 -0.447611 -0.894212 0.005481 14.925281 -0.749079 0.371601 -0.548446 1283.141160 0.000000 0.000000 0.000000 1.000000 
0.492761 -0.240756 -0.836196 31.198086 -0.431609 -0.902045 0.005373 14.897932 -0.755580 0.358262 -0.548405 1283.131532 0.000000 0.000000 0.000000 1.000000 
0.496975 -0.231934 -0.836195 31.201067 -0.415582 -0.909541 0.005286 14.862817 -0.761779 0.344880 -0.548407 1283.126961 0.000000 0.000000 0.000000 1.000000 
0.500901 -0.223333 -0.836194 31.204574 -0.399924 -0.916533 0.005226 14.830141 -0.767567 0.331797 -0.548409 1283.123827 0.000000 0.000000 0.000000 1.000000 
0.504801 -0.214347 -0.836200 31.209911 -0.383608 -0.923482 0.005142 14.794949 -0.773318 0.318177 -0.548400 1283.116782 0.000000 0.000000 0.000000 1.000000 
0.508508 -0.205376 -0.836206 31.214201 -0.367332 -0.930076 0.005052 14.764404 -0.778772 0.304596 -0.548393 1283.099903 0.000000 0.000000 0.000000 1.000000 
0.511863 -0.196817 -0.836217 31.219807 -0.351796 -0.936064 0.004978 14.734918 -0.783732 0.291630 -0.548376 1283.087649 0.000000 0.000000 0.000000 1.000000 
0.515386 -0.187462 -0.836203 31.225270 -0.334778 -0.942284 0.004907 14.703630 -0.788861 0.277413 -0.548398 1283.095183 0.000000 0.000000 0.000000 1.000000 
0.518441 -0.178759 -0.836220 31.229963 -0.319034 -0.947731 0.004802 14.671633 -0.793370 0.264293 -0.548373 1283.065068 0.000000 0.000000 0.000000 1.000000 
0.521499 -0.169718 -0.836202 31.236176 -0.302607 -0.953104 0.004723 14.642559 -0.797789 0.250578 -0.548401 1283.070127 0.000000 0.000000 0.000000 1.000000 
0.524306 -0.160787 -0.836212 31.241111 -0.286388 -0.958102 0.004658 14.611026 -0.801926 0.237039 -0.548386 1283.052601 0.000000 0.000000 0.000000 1.000000 
0.527087 -0.151514 -0.836196 31.245210 -0.269530 -0.962981 0.004592 14.578651 -0.805936 0.222959 -0.548412 1283.043294 0.000000 0.000000 0.000000 1.000000 
0.529689 -0.142049 -0.836213 31.254492 -0.252416 -0.967608 0.004480 14.551792 -0.809763 0.208700 -0.548387 1283.028242 0.000000 0.000000 0.000000 1.000000 
0.532020 -0.133105 -0.836204 31.259474 -0.236163 -0.971703 0.004419 14.522846 -0.813131 0.195129 -0.548401 1283.008734 0.000000 0.000000 0.000000 1.000000 
0.534325 -0.123547 -0.836202 31.266477 -0.218784 -0.975764 0.004366 14.488087 -0.816474 0.180615 -0.548405 1283.004212 0.000000 0.000000 0.000000 1.000000 
0.536369 -0.114330 -0.836204 31.273885 -0.202081 -0.979359 0.004282 14.465013 -0.819434 0.166684 -0.548402 1282.988246 0.000000 0.000000 0.000000 1.000000 
0.538306 -0.104863 -0.836200 31.279119 -0.184882 -0.982752 0.004223 14.429692 -0.822220 0.152325 -0.548409 1282.966600 0.000000 0.000000 0.000000 1.000000 
0.540067 -0.095487 -0.836188 31.292047 -0.167954 -0.985786 0.004094 14.405814 -0.824693 0.138230 -0.548428 1282.975947 0.000000 0.000000 0.000000 1.000000 
0.541710 -0.085815 -0.836173 31.296876 -0.150361 -0.988623 0.004050 14.373608 -0.827008 0.123534 -0.548450 1282.944781 0.000000 0.000000 0.000000 1.000000 
0.543123 -0.076309 -0.836178 31.304485 -0.133145 -0.991089 0.003965 14.347114 -0.829029 0.109179 -0.548444 1282.945367 0.000000 0.000000 0.000000 1.000000 
0.544335 -0.066967 -0.836190 31.314910 -0.116283 -0.993209 0.003845 14.324822 -0.830769 0.095142 -0.548426 1282.916386 0.000000 0.000000 0.000000 1.000000 
0.545481 -0.057206 -0.836169 31.322002 -0.098515 -0.995128 0.003814 14.292171 -0.832313 0.080295 -0.548459 1282.901971 0.000000 0.000000 0.000000 1.000000 
0.546379 -0.047588 -0.836185 31.334741 -0.081083 -0.996700 0.003742 14.266751 -0.833604 0.065756 -0.548435 1282.889396 0.000000 0.000000 0.000000 1.000000 
0.547156 -0.037758 -0.836179 31.344938 -0.063224 -0.997993 0.003694 14.235954 -0.834640 0.050846 -0.548445 1282.875728 0.000000 0.000000 0.000000 1.000000 
0.547761 -0.028015 -0.836166 31.350787 -0.045598 -0.998953 0.003598 14.207014 -0.835391 0.036156 -0.548465 1282.849928 0.000000 0.000000 0.000000 1.000000 
0.548192 -0.018411 -0.836150 31.361966 -0.028181 -0.999597 0.003534 14.183465 -0.835878 0.021626 -0.548490 1282.847511 0.000000 0.000000 0.000000 1.000000 
0.548449 -0.008694 -0.836139 31.373664 -0.010602 -0.999938 0.003443 14.153617 -0.836117 0.006976 -0.548507 1282.825447 0.000000 0.000000 0.000000 1.000000 
0.548536 0.000716 -0.836127 31.382012 0.006327 -0.999975 0.003295 14.138437 -0.836103 -0.007097 -0.548527 1282.786633 0.000000 0.000000 0.000000 1.000000 
0.548451 0.010383 -0.836118 31.387378 0.023720 -0.999714 0.003144 14.126062 -0.835846 -0.021557 -0.548541 1282.743229 0.000000 0.000000 0.000000 1.000000 
0.548203 0.020137 -0.836103 31.406245 0.041534 -0.999132 0.003169 14.085744 -0.835313 -0.036464 -0.548564 1282.773084 0.000000 0.000000 0.000000 1.000000 
0.547776 0.029577 -0.836102 31.411545 0.058501 -0.998283 0.003013 14.077751 -0.834577 -0.050563 -0.548566 1282.721181 0.000000 0.000000 0.000000 1.000000 
0.547137 0.039273 -0.836121 31.426548 0.075910 -0.997111 0.002839 14.069882 -0.833594 -0.065023 -0.548538 1282.670196 0.000000 0.000000 0.000000 1.000000 
0.546479 0.049010 -0.836037 31.437290 0.093801 -0.995587 0.002950 14.006094 -0.832203 -0.080033 -0.548664 1282.715357 0.000000 0.000000 0.000000 1.000000 
0.545561 0.058661 -0.836016 31.448443 0.111258 -0.993787 0.002872 13.985019 -0.830654 -0.094580 -0.548698 1282.692581 0.000000 0.000000 0.000000 1.000000 
0.544385 0.068251 -0.836054 31.462624 0.128642 -0.991687 0.002807 13.960187 -0.828913 -0.109080 -0.548639 1282.667344 0.000000 0.000000 0.000000 1.000000 
0.543152 0.077876 -0.836015 31.475046 0.146061 -0.989272 0.002742 13.937164 -0.826833 -0.123599 -0.548699 1282.670259 0.000000 0.000000 0.000000 1.000000 
0.541622 0.087712 -0.836033 31.491398 0.163823 -0.986486 0.002636 13.918184 -0.824504 -0.138389 -0.548672 1282.634648 0.000000 0.000000 0.000000 1.000000 
0.540051 0.097174 -0.836004 31.501955 0.180951 -0.983489 0.002576 13.894049 -0.821950 -0.152667 -0.548718 1282.618553 0.000000 0.000000 0.000000 1.000000 
0.538289 0.106479 -0.836007 31.519007 0.197839 -0.980231 0.002536 13.874244 -0.819210 -0.166760 -0.548713 1282.596007 0.000000 0.000000 0.000000 1.000000 
0.536390 0.115898 -0.835975 31.531122 0.214860 -0.976642 0.002462 13.850325 -0.816163 -0.180938 -0.548762 1282.571577 0.000000 0.000000 0.000000 1.000000 
0.534488 0.124496 -0.835957 31.542659 0.230393 -0.973095 0.002388 13.833387 -0.813168 -0.193875 -0.548790 1282.549257 0.000000 0.000000 0.000000 1.000000 
0.532331 0.133489 -0.835945 31.558265 0.246659 -0.969099 0.002321 13.812861 -0.809805 -0.207429 -0.548808 1282.531132 0.000000 0.000000 0.000000 1.000000 
0.530078 0.142300 -0.835924 31.572210 0.262577 -0.964908 0.002249 13.795436 -0.806270 -0.220687 -0.548841 1282.515451 0.000000 0.000000 0.000000 1.000000 
0.527648 0.151400 -0.835862 31.585325 0.279029 -0.960280 0.002205 13.772490 -0.802328 -0.234394 -0.548935 1282.511270 0.000000 0.000000 0.000000 1.000000 
0.525141 0.159971 -0.835845 31.599738 0.294484 -0.955654 0.002116 13.759211 -0.798440 -0.247254 -0.548962 1282.491153 0.000000 0.000000 0.000000 1.000000 
0.522424 0.168767 -0.835817 31.611236 0.310328 -0.950628 0.002020 13.744015 -0.794210 -0.260433 -0.549004 1282.463534 0.000000 0.000000 0.000000 1.000000 
0.519413 0.177934 -0.835793 31.625288 0.326875 -0.945065 0.001943 13.724569 -0.789533 -0.274209 -0.549042 1282.433407 0.000000 0.000000 0.000000 1.000000 
0.516196 0.187130 -0.835777 31.641159 0.343435 -0.939175 0.001833 13.710237 -0.784598 -0.287981 -0.549065 1282.408662 0.000000 0.000000 0.000000 1.000000 
0.512864 0.195972 -0.835802 31.655385 0.359456 -0.933160 0.001769 13.696247 -0.779591 -0.301342 -0.549028 1282.369559 0.000000 0.000000 0.000000 1.000000 
0.509069 0.205884 -0.835740 31.676802 0.377331 -0.926077 0.001703 13.671870 -0.773609 -0.316217 -0.549123 1282.374492 0.000000 0.000000 0.000000 1.000000 
0.505143 0.215328 -0.835742 31.691503 0.394443 -0.918919 0.001653 13.652558 -0.767623 -0.330487 -0.549120 1282.335780 0.000000 0.000000 0.000000 1.000000 
0.501290 0.224236 -0.835719 31.709267 0.410520 -0.911850 0.001580 13.635064 -0.761697 -0.343871 -0.549155 1282.316386 0.000000 0.000000 0.000000 1.000000 
0.497305 0.233027 -0.835695 31.721844 0.426404 -0.904532 0.001523 13.618986 -0.755558 -0.357101 -0.549192 1282.272924 0.000000 0.000000 0.000000 1.000000 
0.493174 0.241817 -0.835646 31.739736 0.442272 -0.896880 0.001480 13.607536 -0.749116 -0.370313 -0.549266 1282.269256 0.000000 0.000000 0.000000 1.000000 
0.489000 0.250142 -0.835648 31.756404 0.457318 -0.889302 0.001408 13.592535 -0.742792 -0.382846 -0.549263 1282.224300 0.000000 0.000000 0.000000 1.000000 
0.484505 0.258851 -0.835614 31.771863 0.473020 -0.881050 0.001340 13.578496 -0.735871 -0.395912 -0.549315 1282.202617 0.000000 0.000000 0.000000 1.000000 
0.479807 0.267539 -0.835588 31.789094 0.488705 -0.872448 0.001280 13.564821 -0.728665 -0.408971 -0.549354 1282.182507 0.000000 0.000000 0.000000 1.000000 
0.475439 0.275336 -0.835553 31.803190 0.502766 -0.864422 0.001231 13.552116 -0.721931 -0.420672 -0.549409 1282.159513 0.000000 0.000000 0.000000 1.000000 
0.470502 0.283811 -0.835512 31.818947 0.518052 -0.855348 0.001181 13.541378 -0.714318 -0.433394 -0.549472 1282.133270 0.000000 0.000000 0.000000 1.000000 
0.465664 0.291757 -0.835484 31.840003 0.532308 -0.846550 0.001065 13.533813 -0.706969 -0.445231 -0.549513 1282.122020 0.000000 0.000000 0.000000 1.000000 
0.460593 0.299775 -0.835457 31.855362 0.546803 -0.837261 0.001034 13.520807 -0.699185 -0.457307 -0.549554 1282.089737 0.000000 0.000000 0.000000 1.000000 
0.455247 0.307947 -0.835416 31.870398 0.561515 -0.827466 0.000972 13.512323 -0.690979 -0.469541 -0.549618 1282.064770 0.000000 0.000000 0.000000 1.000000 
0.450076 0.315586 -0.835366 31.889257 0.575284 -0.817953 0.000943 13.505535 -0.682993 -0.480998 -0.549693 1282.039286 0.000000 0.000000 0.000000 1.000000 
0.444719 0.323158 -0.835341 31.904159 0.588933 -0.808182 0.000885 13.494079 -0.674821 -0.492353 -0.549732 1282.015000 0.000000 0.000000 0.000000 1.000000 
0.439130 0.330801 -0.835306 31.921203 0.602691 -0.797974 0.000825 13.486007 -0.666280 -0.503793 -0.549785 1281.988189 0.000000 0.000000 0.000000 1.000000 
0.433249 0.338544 -0.835274 31.941879 0.616652 -0.787235 0.000778 13.476963 -0.657294 -0.515411 -0.549833 1281.972620 0.000000 0.000000 0.000000 1.000000 
0.427308 0.346072 -0.835250 31.959962 0.630194 -0.776438 0.000698 13.469442 -0.648278 -0.526668 -0.549870 1281.931994 0.000000 0.000000 0.000000 1.000000 
0.421253 0.353529 -0.835202 31.975780 0.643574 -0.765384 0.000625 13.463717 -0.639029 -0.537778 -0.549943 1281.916646 0.000000 0.000000 0.000000 1.000000 
0.414955 0.360952 -0.835180 31.994458 0.656963 -0.753923 0.000575 13.456272 -0.629454 -0.548921 -0.549976 1281.874310 0.000000 0.000000 0.000000 1.000000 
0.408133 0.368761 -0.835130 32.012113 0.671022 -0.741438 0.000543 13.446383 -0.618997 -0.560612 -0.550052 1281.853881 0.000000 0.000000 0.000000 1.000000 
0.401585 0.375918 -0.835114 32.031634 0.683950 -0.729528 0.000504 13.440015 -0.609050 -0.571379 -0.550077 1281.825919 0.000000 0.000000 0.000000 1.000000 
0.394304 0.383640 -0.835072 32.049441 0.697845 -0.716249 0.000456 13.435378 -0.597944 -0.582931 -0.550141 1281.784764 0.000000 0.000000 0.000000 1.000000 
0.387631 0.390482 -0.835025 32.070109 0.710159 -0.704041 0.000435 13.428827 -0.587722 -0.593169 -0.550213 1281.775237 0.000000 0.000000 0.000000 1.000000 
0.380868 0.397158 -0.834988 32.088233 0.722186 -0.691699 0.000412 13.427562 -0.577397 -0.603174 -0.550267 1281.751206 0.000000 0.000000 0.000000 1.000000 
0.373572 0.404088 -0.834959 32.110230 0.734663 -0.678432 0.000364 13.426806 -0.566316 -0.613550 -0.550312 1281.723564 0.000000 0.000000 0.000000 1.000000 
0.366701 0.410374 -0.834939 32.127364 0.746017 -0.665926 0.000343 13.422928 -0.555867 -0.623005 -0.550342 1281.691954 0.000000 0.000000 0.000000 1.000000 
-0.565443 0.076421 -0.821239 21.835692 0.252275 0.964004 -0.083992 21.615107 0.785259 -0.254671 -0.564368 1247.594332 0.000000 0.000000 0.000000 1.000000 
0.352271 0.422958 -0.834872 32.160996 0.768635 -0.639687 0.000247 13.420136 -0.533952 -0.641799 -0.550444 1281.624736 0.000000 0.000000 0.000000 1.000000 
0.345252 0.428794 -0.834828 32.176848 0.779112 -0.626885 0.000222 13.416440 -0.523245 -0.650501 -0.550512 1281.602258 0.000000 0.000000 0.000000 1.000000 
0.337295 0.435179 -0.834776 32.196403 0.790568 -0.612374 0.000194 13.417210 -0.511110 -0.660013 -0.550590 1281.567114 0.000000 0.000000 0.000000 1.000000 
