-0.505158 0.204393 -0.838475 33.850807 0.371435 0.928456 0.002548 15.953254 0.779007 -0.310152 -0.544935 1278.068461 0.000000 0.000000 0.000000 1.000000 
-0.505124 0.204128 -0.838559 33.846161 0.371284 0.928516 0.002375 15.948262 0.779101 -0.310144 -0.544805 1278.002845 0.000000 0.000000 0.000000 1.000000 
-0.503954 0.197560 -0.840833 34.266417 0.360712 0.932673 0.002946 15.805975 0.784804 -0.301814 -0.541286 1278.266376 0.000000 0.000000 0.000000 1.000000 
-0.507117 0.189172 -0.840861 34.263042 0.345165 0.938537 0.002981 15.836482 0.789743 -0.288724 -0.541244 1278.265838 0.000000 0.000000 0.000000 1.000000 
-0.510250 0.180609 -0.840848 34.257406 0.329144 0.944275 0.003090 15.863626 0.794550 -0.275184 -0.541262 1278.266640 0.000000 0.000000 0.000000 1.000000 
-0.513341 0.171640 -0.840845 34.251309 0.312409 0.949942 0.003182 15.889140 0.799301 -0.261054 -0.541266 1278.280182 0.000000 0.000000 0.000000 1.000000 
-0.516176 0.162904 -0.840847 34.248286 0.296149 0.955136 0.003248 15.920059 0.803653 -0.247339 -0.541263 1278.291804 0.000000 0.000000 0.000000 1.000000 
-0.518907 0.153910 -0.840861 34.243749 0.279410 0.960166 0.003320 15.952456 0.807877 -0.233223 -0.541241 1278.294391 0.000000 0.000000 0.000000 1.000000 
-0.521554 0.144694 -0.840859 34.239822 0.262240 0.964997 0.003398 15.983876 0.811918 -0.218735 -0.541243 1278.307166 0.000000 0.000000 0.000000 1.000000 
-0.523892 0.135972 -0.840862 34.233574 0.246008 0.969262 0.003462 16.012722 0.815486 -0.205045 -0.541238 1278.308430 0.000000 0.000000 0.000000 1.000000 
-0.526070 0.127162 -0.840881 34.234293 0.229610 0.973276 0.003535 16.043757 0.818859 -0.191215 -0.541209 1278.322983 0.000000 0.000000 0.000000 1.000000 
-0.528156 0.118432 -0.840848 34.221138 0.213299 0.976980 0.003628 16.068021 0.821921 -0.177436 -0.541259 1278.337099 0.000000 0.000000 0.000000 1.000000 
-0.529861 0.109353 -0.841005 34.229362 0.196617 0.980474 0.003613 16.102959 0.824978 -0.163442 -0.541016 1278.319963 0.000000 0.000000 0.000000 1.000000 
-0.531851 0.100592 -0.840842 34.208078 0.180076 0.983646 0.003775 16.126402 0.827470 -0.149408 -0.541268 1278.364405 0.000000 0.000000 0.000000 1.000000 
-0.533475 0.091605 -0.840841 34.196220 0.163343 0.986562 0.003847 16.151547 0.829894 -0.135293 -0.541269 1278.361477 0.000000 0.000000 0.000000 1.000000 
-0.534976 0.082314 -0.840848 34.192505 0.146026 0.989273 0.003938 16.180850 0.832152 -0.120679 -0.541257 1278.385462 0.000000 0.000000 0.000000 1.000000 
-0.536312 0.072997 -0.840857 34.183723 0.128682 0.991678 0.004014 16.209684 0.834152 -0.106050 -0.541242 1278.396865 0.000000 0.000000 0.000000 1.000000 
-0.537464 0.064092 -0.840848 34.174016 0.112106 0.993688 0.004084 16.234506 0.835802 -0.092069 -0.541256 1278.407914 0.000000 0.000000 0.000000 1.000000 
-0.538460 0.055088 -0.840848 34.165680 0.095347 0.995435 0.004158 16.259419 0.837239 -0.077933 -0.541255 1278.419780 0.000000 0.000000 0.000000 1.000000 
-0.539341 0.045813 -0.840840 34.155930 0.078036 0.996941 0.004264 16.291791 0.838464 -0.063316 -0.541266 1278.439358 0.000000 0.000000 0.000000 1.000000 
-0.540033 0.036674 -0.840845 34.144986 0.061053 0.998125 0.004322 16.316433 0.839427 -0.049002 -0.541259 1278.451987 0.000000 0.000000 0.000000 1.000000 
-0.540633 0.027309 -0.840815 34.126848 0.043557 0.999041 0.004441 16.337316 0.840130 -0.034222 -0.541304 1278.464455 0.000000 0.000000 0.000000 1.000000 
-0.541030 0.018032 -0.840810 34.117746 0.026270 0.999645 0.004535 16.364863 0.840593 -0.019634 -0.541311 1278.485730 0.000000 0.000000 0.000000 1.000000 
-0.541176 0.008786 -0.840864 34.112608 0.009158 0.999948 0.004554 16.393041 0.840860 -0.005236 -0.541228 1278.482972 0.000000 0.000000 0.000000 1.000000 
-0.541234 -0.000395 -0.840872 34.102310 -0.008003 0.999957 0.004682 16.417049 0.840834 0.009263 -0.541214 1278.506406 0.000000 0.000000 0.000000 1.000000 
-0.541180 -0.009616 -0.840852 34.077372 -0.025352 0.999667 0.004884 16.418080 0.840524 0.023960 -0.541244 1278.460516 0.000000 0.000000 0.000000 1.000000 
-0.540907 -0.018891 -0.840870 34.076474 -0.042427 0.999088 0.004847 16.467343 0.840012 0.038297 -0.541215 1278.518758 0.000000 0.000000 0.000000 1.000000 
-0.540484 -0.028157 -0.840883 34.066851 -0.059664 0.998206 0.004924 16.493127 0.839236 0.052832 -0.541194 1278.543251 0.000000 0.000000 0.000000 1.000000 
-0.539925 -0.037348 -0.840884 34.053934 -0.076752 0.997038 0.004998 16.518644 0.838206 0.067238 -0.541193 1278.562163 0.000000 0.000000 0.000000 1.000000 
-0.539178 -0.046525 -0.840905 34.045699 -0.093800 0.995578 0.005060 16.545308 0.836952 0.081605 -0.541158 1278.587385 0.000000 0.000000 0.000000 1.000000 
-0.538287 -0.055896 -0.840906 34.031722 -0.111252 0.993779 0.005158 16.566776 0.835386 0.096329 -0.541157 1278.613659 0.000000 0.000000 0.000000 1.000000 
-0.540073 -0.065879 -0.839036 33.619672 -0.130508 0.991428 0.006162 16.496409 0.831437 0.112829 -0.544042 1278.136268 0.000000 0.000000 0.000000 1.000000 
-0.538904 -0.074647 -0.839053 33.612607 -0.145717 0.989311 0.005575 16.619469 0.829668 0.125268 -0.544021 1278.169509 0.000000 0.000000 0.000000 1.000000 
-0.534574 -0.084025 -0.840934 33.993742 -0.163610 0.986510 0.005435 16.633598 0.829134 0.140491 -0.541110 1278.671877 0.000000 0.000000 0.000000 1.000000 
-0.533104 -0.092879 -0.840936 33.980199 -0.180058 0.983641 0.005506 16.656949 0.826668 0.154353 -0.541106 1278.685676 0.000000 0.000000 0.000000 1.000000 
-0.531386 -0.102017 -0.840965 33.967985 -0.197038 0.980380 0.005574 16.680016 0.823896 0.168664 -0.541061 1278.705070 0.000000 0.000000 0.000000 1.000000 
-0.529504 -0.111340 -0.840969 33.953106 -0.214383 0.976733 0.005669 16.698593 0.820771 0.183291 -0.541054 1278.734851 0.000000 0.000000 0.000000 1.000000 
-0.527594 -0.119909 -0.840992 33.942962 -0.230290 0.973105 0.005726 16.717165 0.817687 0.196693 -0.541018 1278.750469 0.000000 0.000000 0.000000 1.000000 
-0.525349 -0.129369 -0.840995 33.925849 -0.247836 0.968785 0.005791 16.735881 0.813994 0.211471 -0.541012 1278.779460 0.000000 0.000000 0.000000 1.000000 
-0.523101 -0.138019 -0.841021 33.914819 -0.263971 0.964513 0.005901 16.755298 0.810361 0.225091 -0.540971 1278.798067 0.000000 0.000000 0.000000 1.000000 
-0.520546 -0.147191 -0.841051 33.903220 -0.280984 0.959694 0.005952 16.784136 0.806276 0.239420 -0.540923 1278.816796 0.000000 0.000000 0.000000 1.000000 
-0.517814 -0.156482 -0.841060 33.889817 -0.298258 0.954466 0.006046 16.798509 0.801817 0.253984 -0.540908 1278.840037 0.000000 0.000000 0.000000 1.000000 
-0.515085 -0.165082 -0.841092 33.877310 -0.314315 0.949299 0.006167 16.817056 0.797429 0.267545 -0.540858 1278.861226 0.000000 0.000000 0.000000 1.000000 
-0.511980 -0.174364 -0.841114 33.861367 -0.331515 0.943429 0.006217 16.835913 0.792448 0.282025 -0.540821 1278.883800 0.000000 0.000000 0.000000 1.000000 
-0.508931 -0.182957 -0.841140 33.844789 -0.347460 0.937674 0.006277 16.855897 0.787567 0.295457 -0.540781 1278.899070 0.000000 0.000000 0.000000 1.000000 
-0.505699 -0.191640 -0.841155 33.828698 -0.363578 0.931542 0.006348 16.871550 0.782355 0.309036 -0.540756 1278.926075 0.000000 0.000000 0.000000 1.000000 
-0.502319 -0.200313 -0.841160 33.813056 -0.379664 0.925102 0.006423 16.887145 0.776872 0.322585 -0.540748 1278.962665 0.000000 0.000000 0.000000 1.000000 
-0.501521 -0.209572 -0.839379 33.426753 -0.396243 0.918115 0.007521 16.803455 0.769070 0.336370 -0.543495 1278.527766 0.000000 0.000000 0.000000 1.000000 
-0.497412 -0.218097 -0.839652 33.462289 -0.411323 0.911464 0.006919 16.917486 0.763803 0.348809 -0.543081 1278.609402 0.000000 0.000000 0.000000 1.000000 
-0.493459 -0.226883 -0.839656 33.447465 -0.426638 0.904400 0.006354 17.017476 0.757943 0.361365 -0.543082 1278.649020 0.000000 0.000000 0.000000 1.000000 
-0.487231 -0.234220 -0.841277 33.755182 -0.442614 0.896687 0.006696 16.952528 0.752794 0.375623 -0.540563 1279.061743 0.000000 0.000000 0.000000 1.000000 
-0.482844 -0.243087 -0.841291 33.738879 -0.459070 0.888374 0.006783 16.962037 0.745732 0.389487 -0.540540 1279.097818 0.000000 0.000000 0.000000 1.000000 
-0.478807 -0.250841 -0.841322 33.723969 -0.473448 0.880795 0.006835 16.974119 0.739318 0.401595 -0.540491 1279.117766 0.000000 0.000000 0.000000 1.000000 
-0.474055 -0.259608 -0.841354 33.704633 -0.489763 0.871828 0.006943 16.985701 0.731713 0.415355 -0.540440 1279.120586 0.000000 0.000000 0.000000 1.000000 
-0.469597 -0.267495 -0.841383 33.691067 -0.504394 0.863445 0.007006 16.996749 0.724614 0.427678 -0.540394 1279.154774 0.000000 0.000000 0.000000 1.000000 
-0.465045 -0.275241 -0.841413 33.675641 -0.518718 0.854916 0.007035 17.010909 0.717402 0.439728 -0.540347 1279.183332 0.000000 0.000000 0.000000 1.000000 
-0.460227 -0.283300 -0.841387 33.647882 -0.533638 0.845683 0.007146 17.016459 0.709522 0.452285 -0.540386 1279.191195 0.000000 0.000000 0.000000 1.000000 
-0.455465 -0.290857 -0.841400 33.631132 -0.547630 0.836689 0.007213 17.028686 0.701892 0.464061 -0.540365 1279.220307 0.000000 0.000000 0.000000 1.000000 
-0.450160 -0.298840 -0.841458 33.620962 -0.562408 0.826828 0.007230 17.042845 0.693580 0.476497 -0.540275 1279.245980 0.000000 0.000000 0.000000 1.000000 
-0.444874 -0.306579 -0.841485 33.605535 -0.576761 0.816880 0.007306 17.053526 0.685152 0.488586 -0.540232 1279.274898 0.000000 0.000000 0.000000 1.000000 
-0.439322 -0.314368 -0.841528 33.592278 -0.591204 0.806489 0.007360 17.062897 0.676369 0.500748 -0.540164 1279.313643 0.000000 0.000000 0.000000 1.000000 
-0.433510 -0.322269 -0.841554 33.574968 -0.605829 0.795560 0.007425 17.073062 0.667113 0.513057 -0.540123 1279.346707 0.000000 0.000000 0.000000 1.000000 
-0.430093 -0.330897 -0.839957 33.225732 -0.619828 0.784695 0.008251 16.988571 0.656379 0.524177 -0.542591 1278.977631 0.000000 0.000000 0.000000 1.000000 
-0.423920 -0.338907 -0.839901 33.200263 -0.633477 0.773725 0.007529 17.099123 0.647301 0.535250 -0.542688 1279.033309 0.000000 0.000000 0.000000 1.000000 
-0.418055 -0.346175 -0.839876 33.188704 -0.646169 0.763161 0.007081 17.202801 0.638510 0.545662 -0.542731 1279.110832 0.000000 0.000000 0.000000 1.000000 
-0.409926 -0.351504 -0.841668 33.506512 -0.659872 0.751339 0.007604 17.104411 0.629706 0.558511 -0.539941 1279.452516 0.000000 0.000000 0.000000 1.000000 
-0.403514 -0.358779 -0.841697 33.486757 -0.673378 0.739258 0.007707 17.107514 0.619467 0.569890 -0.539895 1279.478480 0.000000 0.000000 0.000000 1.000000 
-0.397451 -0.365445 -0.841714 33.467924 -0.685672 0.727869 0.007751 17.110421 0.609825 0.580221 -0.539868 1279.510777 0.000000 0.000000 0.000000 1.000000 
-0.390745 -0.372493 -0.841765 33.452536 -0.698772 0.715302 0.007836 17.113886 0.599197 0.591263 -0.539788 1279.525826 0.000000 0.000000 0.000000 1.000000 
-0.384316 -0.378993 -0.841823 33.438087 -0.710830 0.703319 0.007876 17.121365 0.589085 0.601420 -0.539697 1279.545807 0.000000 0.000000 0.000000 1.000000 
-0.377920 -0.385302 -0.841854 33.426137 -0.722481 0.691346 0.007915 17.124593 0.578963 0.611215 -0.539647 1279.587495 0.000000 0.000000 0.000000 1.000000 
-0.370922 -0.391970 -0.841889 33.407212 -0.734815 0.678221 0.007979 17.131774 0.567859 0.621592 -0.539592 1279.608924 0.000000 0.000000 0.000000 1.000000 
-0.364327 -0.398050 -0.841916 33.390138 -0.746043 0.665850 0.008032 17.131264 0.557392 0.631031 -0.539549 1279.639414 0.000000 0.000000 0.000000 1.000000 
-0.357114 -0.404446 -0.841958 33.375199 -0.757873 0.652352 0.008083 17.134439 0.545984 0.640984 -0.539482 1279.666480 0.000000 0.000000 0.000000 1.000000 
-0.350191 -0.410362 -0.842003 33.356538 -0.768801 0.639436 0.008108 17.139151 0.535080 0.650172 -0.539412 1279.686476 0.000000 0.000000 0.000000 1.000000 
-0.343056 -0.416336 -0.842008 33.333863 -0.779766 0.626018 0.008159 17.134179 0.523715 0.659368 -0.539404 1279.719676 0.000000 0.000000 0.000000 1.000000 
-0.335455 -0.422414 -0.842043 33.317696 -0.790964 0.611808 0.008190 17.137525 0.511709 0.668773 -0.539348 1279.758431 0.000000 0.000000 0.000000 1.000000 
-0.328511 -0.427728 -0.842098 33.301843 -0.800832 0.598833 0.008247 17.139355 0.500749 0.677088 -0.539261 1279.777090 0.000000 0.000000 0.000000 1.000000 
-0.321149 -0.433208 -0.842137 33.285371 -0.810946 0.585062 0.008290 17.139822 0.489111 0.685590 -0.539200 1279.799262 0.000000 0.000000 0.000000 1.000000 
-0.313469 -0.438754 -0.842159 33.264111 -0.821150 0.570651 0.008347 17.136398 0.476917 0.694155 -0.539165 1279.833466 0.000000 0.000000 0.000000 1.000000 
-0.306011 -0.443929 -0.842190 33.249703 -0.830682 0.556684 0.008395 17.132065 0.465107 0.702161 -0.539116 1279.863300 0.000000 0.000000 0.000000 1.000000 
-0.297923 -0.449311 -0.842236 33.230804 -0.840611 0.541574 0.008432 17.130570 0.452345 0.710505 -0.539043 1279.888011 0.000000 0.000000 0.000000 1.000000 
-0.289949 -0.454458 -0.842258 33.212038 -0.850044 0.526643 0.008468 17.126724 0.439721 0.718411 -0.539009 1279.919132 0.000000 0.000000 0.000000 1.000000 
-0.282037 -0.459360 -0.842285 33.193814 -0.859055 0.511813 0.008523 17.120015 0.427177 0.725972 -0.538965 1279.951745 0.000000 0.000000 0.000000 1.000000 
-0.273636 -0.464303 -0.842346 33.175336 -0.868206 0.496129 0.008569 17.116454 0.413934 0.733675 -0.538869 1279.962027 0.000000 0.000000 0.000000 1.000000 
-0.265693 -0.468839 -0.842376 33.158836 -0.876502 0.481321 0.008569 17.118358 0.401436 0.740621 -0.538823 1280.000397 0.000000 0.000000 0.000000 1.000000 
-0.257205 -0.473485 -0.842412 33.140542 -0.885037 0.465440 0.008614 17.107186 0.388013 0.747782 -0.538766 1280.019877 0.000000 0.000000 0.000000 1.000000 
-0.249314 -0.477637 -0.842440 33.114516 -0.892643 0.450681 0.008649 17.100242 0.375540 0.754155 -0.538720 1280.029988 0.000000 0.000000 0.000000 1.000000 
-0.240746 -0.481905 -0.842501 33.107217 -0.900530 0.434707 0.008678 17.102416 0.362059 0.760787 -0.538624 1280.080939 0.000000 0.000000 0.000000 1.000000 
-0.233901 -0.488678 -0.840526 32.692412 -0.908585 0.417578 0.010062 16.892189 0.346068 0.766043 -0.541678 1279.800944 0.000000 0.000000 0.000000 1.000000 
-0.225186 -0.492236 -0.840830 32.713248 -0.915096 0.403133 0.009075 17.028208 0.334500 0.771484 -0.541223 1279.775486 0.000000 0.000000 0.000000 1.000000 
-0.216005 -0.495965 -0.841047 32.739585 -0.921858 0.387438 0.008288 17.146347 0.321743 0.777117 -0.540898 1279.886205 0.000000 0.000000 0.000000 1.000000 
-0.206596 -0.497103 -0.842738 33.051396 -0.928561 0.371077 0.008749 17.070597 0.308371 0.784341 -0.538253 1280.192811 0.000000 0.000000 0.000000 1.000000 
-0.197676 -0.500666 -0.842768 33.032899 -0.935049 0.354409 0.008776 17.059575 0.294291 0.789764 -0.538205 1280.233477 0.000000 0.000000 0.000000 1.000000 
-0.188712 -0.504012 -0.842828 33.018973 -0.941200 0.337736 0.008771 17.052267 0.280233 0.794925 -0.538111 1280.255114 0.000000 0.000000 0.000000 1.000000 
-0.179726 -0.507229 -0.842862 32.997431 -0.947048 0.320973 0.008782 17.044402 0.266081 0.799809 -0.538058 1280.284403 0.000000 0.000000 0.000000 1.000000 
-0.170639 -0.510246 -0.842930 32.986381 -0.952619 0.304040 0.008802 17.036483 0.251793 0.804493 -0.537951 1280.304100 0.000000 0.000000 0.000000 1.000000 
-0.162214 -0.512925 -0.842968 32.966229 -0.957490 0.288331 0.008810 17.024985 0.238535 0.808562 -0.537892 1280.330268 0.000000 0.000000 0.000000 1.000000 
-0.153001 -0.515678 -0.843010 32.948120 -0.962525 0.271047 0.008889 17.006582 0.223911 0.812779 -0.537824 1280.357880 0.000000 0.000000 0.000000 1.000000 
-0.143830 -0.518228 -0.843061 32.932739 -0.967165 0.253995 0.008872 16.998753 0.209536 0.816655 -0.537744 1280.383515 0.000000 0.000000 0.000000 1.000000 
-0.135100 -0.520492 -0.843111 32.922047 -0.971278 0.237782 0.008843 16.987587 0.195874 0.820090 -0.537667 1280.420800 0.000000 0.000000 0.000000 1.000000 
-0.125440 -0.522813 -0.843167 32.906012 -0.975513 0.219762 0.008865 16.974126 0.180661 0.823633 -0.537578 1280.443576 0.000000 0.000000 0.000000 1.000000 
-0.116184 -0.524880 -0.843209 32.888774 -0.979246 0.202482 0.008888 16.958037 0.166069 0.826742 -0.537512 1280.468121 0.000000 0.000000 0.000000 1.000000 
-0.106945 -0.526755 -0.843263 32.871679 -0.982645 0.185284 0.008882 16.945460 0.151564 0.829578 -0.537428 1280.490775 0.000000 0.000000 0.000000 1.000000 
-0.097413 -0.528520 -0.843313 32.857513 -0.985824 0.167547 0.008870 16.931515 0.136607 0.832222 -0.537349 1280.519541 0.000000 0.000000 0.000000 1.000000 
-0.088110 -0.530089 -0.843352 32.837895 -0.988614 0.150211 0.008870 16.914257 0.121979 0.834531 -0.537289 1280.532904 0.000000 0.000000 0.000000 1.000000 
-0.078680 -0.531484 -0.843406 32.825852 -0.991124 0.132642 0.008875 16.895675 0.107155 0.836619 -0.537203 1280.565454 0.000000 0.000000 0.000000 1.000000 
-0.069774 -0.532664 -0.843445 32.809771 -0.993203 0.116060 0.008868 16.882820 0.093166 0.838331 -0.537142 1280.584921 0.000000 0.000000 0.000000 1.000000 
-0.060459 -0.533760 -0.843472 32.793807 -0.995080 0.098672 0.008885 16.858382 0.078485 0.839860 -0.537100 1280.614900 0.000000 0.000000 0.000000 1.000000 
-0.051486 -0.534613 -0.843527 32.779511 -0.996597 0.081951 0.008889 16.841651 0.064376 0.841114 -0.537013 1280.636487 0.000000 0.000000 0.000000 1.000000 
-0.042341 -0.535324 -0.843585 32.766071 -0.997851 0.064926 0.008883 16.824959 0.050015 0.842148 -0.536922 1280.654591 0.000000 0.000000 0.000000 1.000000 
-0.032438 -0.535933 -0.843637 32.750717 -0.998880 0.046463 0.008891 16.802879 0.034433 0.842981 -0.536841 1280.667245 0.000000 0.000000 0.000000 1.000000 
-0.023291 -0.536347 -0.843676 32.737880 -0.999526 0.029472 0.008858 16.785847 0.020114 0.843483 -0.536779 1280.705368 0.000000 0.000000 0.000000 1.000000 
-0.014224 -0.536575 -0.843733 32.723642 -0.999881 0.012617 0.008833 16.768809 0.005906 0.843758 -0.536691 1280.722267 0.000000 0.000000 0.000000 1.000000 
-0.004878 -0.536638 -0.843798 32.711908 -0.999950 -0.004785 0.008824 16.746691 -0.008773 0.843799 -0.536588 1280.740248 0.000000 0.000000 0.000000 1.000000 
0.004442 -0.536620 -0.843813 32.696458 -0.999716 -0.022125 0.008808 16.726836 -0.023396 0.843534 -0.536566 1280.769842 0.000000 0.000000 0.000000 1.000000 
0.014062 -0.536397 -0.843848 32.679739 -0.999158 -0.040066 0.008819 16.703664 -0.038540 0.843014 -0.536509 1280.785445 0.000000 0.000000 0.000000 1.000000 
0.023750 -0.535943 -0.843920 32.671363 -0.998274 -0.058076 0.008788 16.679011 -0.053721 0.842254 -0.536397 1280.808620 0.000000 0.000000 0.000000 1.000000 
0.033253 -0.535403 -0.843942 32.654662 -0.997087 -0.075762 0.008776 16.657037 -0.068638 0.841192 -0.536362 1280.838880 0.000000 0.000000 0.000000 1.000000 
0.042600 -0.534659 -0.843994 32.641852 -0.995617 -0.093120 0.008738 16.637068 -0.083265 0.839922 -0.536282 1280.853387 0.000000 0.000000 0.000000 1.000000 
0.052352 -0.536494 -0.842279 32.269271 -0.993711 -0.111587 0.009311 16.518719 -0.098983 0.836494 -0.538962 1280.486803 0.000000 0.000000 0.000000 1.000000 
0.061573 -0.532657 -0.844088 32.618600 -0.991684 -0.128402 0.008688 16.590836 -0.113010 0.836534 -0.536134 1280.899483 0.000000 0.000000 0.000000 1.000000 
0.070517 -0.531464 -0.844140 32.606745 -0.989389 -0.145035 0.008663 16.567294 -0.127034 0.834572 -0.536052 1280.911019 0.000000 0.000000 0.000000 1.000000 
0.079783 -0.530103 -0.844172 32.593227 -0.986713 -0.162244 0.008627 16.548363 -0.141536 0.832267 -0.536004 1280.933339 0.000000 0.000000 0.000000 1.000000 
0.089075 -0.528541 -0.844222 32.581882 -0.983717 -0.179521 0.008599 16.523292 -0.156101 0.829709 -0.535925 1280.950137 0.000000 0.000000 0.000000 1.000000 
0.098554 -0.526795 -0.844259 32.566932 -0.980331 -0.197171 0.008591 16.496153 -0.170990 0.826807 -0.535866 1280.972985 0.000000 0.000000 0.000000 1.000000 
0.107976 -0.524866 -0.844309 32.557770 -0.976648 -0.214673 0.008552 16.471017 -0.185739 0.823669 -0.535789 1280.991780 0.000000 0.000000 0.000000 1.000000 
0.116985 -0.522878 -0.844342 32.545475 -0.972807 -0.231461 0.008553 16.442859 -0.199904 0.820380 -0.535737 1281.008204 0.000000 0.000000 0.000000 1.000000 
0.126115 -0.520645 -0.844407 32.539179 -0.968627 -0.248375 0.008476 16.420287 -0.214143 0.816847 -0.535635 1281.029991 0.000000 0.000000 0.000000 1.000000 
0.135290 -0.518303 -0.844428 32.524285 -0.964096 -0.265421 0.008450 16.397243 -0.228509 0.812966 -0.535602 1281.053869 0.000000 0.000000 0.000000 1.000000 
0.144490 -0.515666 -0.844518 32.503359 -0.959326 -0.282184 0.008170 16.413978 -0.242522 0.808988 -0.535464 1280.963720 0.000000 0.000000 0.000000 1.000000 
0.153556 -0.513027 -0.844526 32.507659 -0.954100 -0.299372 0.008381 16.339975 -0.257127 0.804475 -0.535449 1281.083761 0.000000 0.000000 0.000000 1.000000 
0.162367 -0.510254 -0.844558 32.494784 -0.948817 -0.315716 0.008334 16.311485 -0.270893 0.799978 -0.535399 1281.099923 0.000000 0.000000 0.000000 1.000000 
0.171168 -0.507203 -0.844658 32.466615 -0.943349 -0.331705 0.008016 16.341778 -0.284243 0.795435 -0.535247 1280.951704 0.000000 0.000000 0.000000 1.000000 
0.179967 -0.504016 -0.844736 32.451900 -0.937543 -0.347783 0.007768 16.354934 -0.297700 0.790579 -0.535126 1280.896427 0.000000 0.000000 0.000000 1.000000 
0.188704 -0.500886 -0.844692 32.466178 -0.931108 -0.364651 0.008222 16.230861 -0.312136 0.784948 -0.535190 1281.134156 0.000000 0.000000 0.000000 1.000000 
0.197759 -0.497301 -0.844739 32.458838 -0.924358 -0.381438 0.008156 16.205202 -0.326271 0.779228 -0.535117 1281.152059 0.000000 0.000000 0.000000 1.000000 
0.206243 -0.493745 -0.844796 32.451854 -0.917673 -0.397254 0.008143 16.175708 -0.339619 0.773567 -0.535027 1281.158729 0.000000 0.000000 0.000000 1.000000 
0.215183 -0.489876 -0.844818 32.441166 -0.910342 -0.413779 0.008061 16.146523 -0.353517 0.767339 -0.534993 1281.185792 0.000000 0.000000 0.000000 1.000000 
0.223709 -0.485947 -0.844873 32.432496 -0.902962 -0.429644 0.008029 16.116693 -0.366896 0.761092 -0.534907 1281.181341 0.000000 0.000000 0.000000 1.000000 
0.232189 -0.481897 -0.844904 32.423476 -0.895311 -0.445370 0.007979 16.088011 -0.380141 0.754599 -0.534858 1281.191805 0.000000 0.000000 0.000000 1.000000 
0.240483 -0.477754 -0.844937 32.410131 -0.887478 -0.460782 0.007950 16.057622 -0.393130 0.747951 -0.534806 1281.173316 0.000000 0.000000 0.000000 1.000000 
0.248678 -0.473505 -0.844957 32.402485 -0.879422 -0.475977 0.007910 16.028914 -0.405925 0.741107 -0.534776 1281.220044 0.000000 0.000000 0.000000 1.000000 
0.256888 -0.468968 -0.845031 32.399797 -0.870988 -0.491242 0.007846 15.997894 -0.418794 0.733997 -0.534660 1281.207804 0.000000 0.000000 0.000000 1.000000 
0.265064 -0.464390 -0.845034 32.380088 -0.862312 -0.506318 0.007764 15.969686 -0.431461 0.726625 -0.534656 1281.183661 0.000000 0.000000 0.000000 1.000000 
0.272912 -0.459767 -0.845064 32.376662 -0.853597 -0.520877 0.007722 15.938929 -0.443725 0.719236 -0.534609 1281.221582 0.000000 0.000000 0.000000 1.000000 
0.281071 -0.454700 -0.845131 32.381048 -0.844147 -0.536057 0.007667 15.907648 -0.456524 0.711260 -0.534504 1281.255144 0.000000 0.000000 0.000000 1.000000 
0.288823 -0.449693 -0.845197 32.379309 -0.834819 -0.550473 0.007606 15.882022 -0.468678 0.703389 -0.534401 1281.263636 0.000000 0.000000 0.000000 1.000000 
0.296625 -0.444578 -0.845200 32.367104 -0.825147 -0.564868 0.007535 15.851267 -0.480777 0.695179 -0.534396 1281.258971 0.000000 0.000000 0.000000 1.000000 
0.304665 -0.439050 -0.845231 32.360898 -0.814774 -0.579731 0.007451 15.821240 -0.493278 0.686401 -0.534350 1281.268139 0.000000 0.000000 0.000000 1.000000 
0.312231 -0.433625 -0.845270 32.358100 -0.804576 -0.593803 0.007422 15.789839 -0.505142 0.677767 -0.534288 1281.278319 0.000000 0.000000 0.000000 1.000000 
0.319775 -0.427991 -0.845321 32.356851 -0.794041 -0.607819 0.007366 15.756857 -0.516955 0.668865 -0.534207 1281.291681 0.000000 0.000000 0.000000 1.000000 
0.327117 -0.422386 -0.845331 32.347660 -0.783501 -0.621348 0.007278 15.723628 -0.528319 0.659937 -0.534193 1281.300873 0.000000 0.000000 0.000000 1.000000 
0.334213 -0.416760 -0.845348 32.341108 -0.772901 -0.634485 0.007234 15.693865 -0.539376 0.650953 -0.534167 1281.307921 0.000000 0.000000 0.000000 1.000000 
0.341170 -0.411029 -0.845375 32.334814 -0.762166 -0.647342 0.007154 15.661778 -0.550187 0.641875 -0.534126 1281.300118 0.000000 0.000000 0.000000 1.000000 
0.348213 -0.404999 -0.845413 32.333078 -0.750873 -0.660408 0.007098 15.630933 -0.561193 0.632327 -0.534065 1281.297967 0.000000 0.000000 0.000000 1.000000 
0.355205 -0.398794 -0.845454 32.333683 -0.739248 -0.673397 0.007052 15.597395 -0.572138 0.622495 -0.534002 1281.322493 0.000000 0.000000 0.000000 1.000000 
0.362067 -0.392539 -0.845471 32.329428 -0.727498 -0.686075 0.006989 15.563104 -0.582799 0.612547 -0.533976 1281.333763 0.000000 0.000000 0.000000 1.000000 
0.369025 -0.386033 -0.845458 32.321584 -0.715197 -0.698888 0.006941 15.529434 -0.593560 0.602108 -0.533997 1281.345094 0.000000 0.000000 0.000000 1.000000 
0.375610 -0.379475 -0.845527 32.323058 -0.703029 -0.711128 0.006848 15.500296 -0.603877 0.591858 -0.533889 1281.331152 0.000000 0.000000 0.000000 1.000000 
0.382118 -0.372936 -0.845521 32.316796 -0.690704 -0.723106 0.006791 15.467502 -0.613933 0.581409 -0.533900 1281.336871 0.000000 0.000000 0.000000 1.000000 
0.388629 -0.366093 -0.845543 32.315508 -0.677886 -0.735136 0.006720 15.432284 -0.624050 0.570570 -0.533865 1281.348761 0.000000 0.000000 0.000000 1.000000 
0.394949 -0.359200 -0.845571 32.316413 -0.664996 -0.746818 0.006643 15.399927 -0.633874 0.559677 -0.533822 1281.349406 0.000000 0.000000 0.000000 1.000000 
0.401205 -0.352087 -0.845618 32.320709 -0.651720 -0.758431 0.006577 15.369829 -0.643659 0.548467 -0.533749 1281.351463 0.000000 0.000000 0.000000 1.000000 
0.407365 -0.344950 -0.845614 32.315278 -0.638298 -0.769762 0.006515 15.334122 -0.653169 0.537100 -0.533755 1281.356603 0.000000 0.000000 0.000000 1.000000 
0.413311 -0.337800 -0.845615 32.308236 -0.624875 -0.780698 0.006448 15.300030 -0.662348 0.525739 -0.533754 1281.346835 0.000000 0.000000 0.000000 1.000000 
0.419071 -0.330564 -0.845640 32.310451 -0.611346 -0.791338 0.006375 15.270063 -0.671294 0.514307 -0.533716 1281.350312 0.000000 0.000000 0.000000 1.000000 
0.424722 -0.323223 -0.845658 32.309158 -0.597617 -0.801757 0.006297 15.233403 -0.680048 0.502705 -0.533688 1281.348456 0.000000 0.000000 0.000000 1.000000 
0.430477 -0.315532 -0.845653 32.305642 -0.583167 -0.812328 0.006238 15.198483 -0.688916 0.490472 -0.533697 1281.351586 0.000000 0.000000 0.000000 1.000000 
0.435887 -0.307906 -0.845693 32.311418 -0.568983 -0.822327 0.006134 15.174847 -0.697324 0.478511 -0.533635 1281.360065 0.000000 0.000000 0.000000 1.000000 
0.441248 -0.300038 -0.845741 32.317252 -0.554323 -0.832280 0.006056 15.139530 -0.705710 0.466141 -0.533559 1281.345094 0.000000 0.000000 0.000000 1.000000 
0.446654 -0.291992 -0.845719 32.313143 -0.539180 -0.842169 0.006006 15.104806 -0.713992 0.453312 -0.533595 1281.352112 0.000000 0.000000 0.000000 1.000000 
0.451583 -0.284304 -0.845721 32.310847 -0.524805 -0.851202 0.005920 15.070432 -0.721562 0.441165 -0.533593 1281.344101 0.000000 0.000000 0.000000 1.000000 
0.456629 -0.275928 -0.845786 32.318348 -0.509228 -0.860612 0.005840 15.037833 -0.729504 0.428031 -0.533491 1281.335058 0.000000 0.000000 0.000000 1.000000 
0.461442 -0.267888 -0.845758 32.316707 -0.494236 -0.869309 0.005695 15.006459 -0.736751 0.415377 -0.533536 1281.342937 0.000000 0.000000 0.000000 1.000000 
0.466116 -0.259770 -0.845728 32.311968 -0.478674 -0.877973 0.005857 14.945858 -0.744048 0.402098 -0.533582 1281.336651 0.000000 0.000000 0.000000 1.000000 
0.470542 -0.251375 -0.845813 32.319861 -0.463393 -0.886136 0.005565 14.952423 -0.750904 0.389325 -0.533450 1281.290223 0.000000 0.000000 0.000000 1.000000 
0.474867 -0.243177 -0.845793 32.325665 -0.447959 -0.894037 0.005543 14.909552 -0.757518 0.376249 -0.533482 1281.324658 0.000000 0.000000 0.000000 1.000000 
0.479203 -0.234432 -0.845817 32.330383 -0.431633 -0.902033 0.005468 14.873399 -0.764236 0.362462 -0.533445 1281.315007 0.000000 0.000000 0.000000 1.000000 
0.483312 -0.225844 -0.845815 32.328357 -0.415570 -0.909545 0.005397 14.840991 -0.770526 0.348887 -0.533448 1281.301587 0.000000 0.000000 0.000000 1.000000 
0.487186 -0.217324 -0.845825 32.334748 -0.399678 -0.916640 0.005309 14.811088 -0.776471 0.335471 -0.533434 1281.299277 0.000000 0.000000 0.000000 1.000000 
0.491015 -0.208539 -0.845822 32.342304 -0.383280 -0.923618 0.005219 14.777556 -0.782305 0.321624 -0.533439 1281.308710 0.000000 0.000000 0.000000 1.000000 
0.494638 -0.199775 -0.845827 32.347365 -0.366893 -0.930249 0.005155 14.744764 -0.787859 0.307778 -0.533433 1281.301793 0.000000 0.000000 0.000000 1.000000 
0.517705 -0.237857 -0.821830 22.304139 -0.347588 -0.936204 0.051999 14.259933 -0.781769 0.258738 -0.567354 1270.632381 0.000000 0.000000 0.000000 1.000000 
0.501320 -0.182317 -0.845836 32.356005 -0.334309 -0.942450 0.004999 14.678104 -0.798070 0.280265 -0.533420 1281.275086 0.000000 0.000000 0.000000 1.000000 
0.504270 -0.174091 -0.845816 32.359903 -0.318945 -0.947761 0.004921 14.651582 -0.802488 0.267287 -0.533452 1281.271172 0.000000 0.000000 0.000000 1.000000 
0.507208 -0.165266 -0.845830 32.362479 -0.302508 -0.953135 0.004831 14.621745 -0.806988 0.253420 -0.533431 1281.249255 0.000000 0.000000 0.000000 1.000000 
0.509995 -0.156468 -0.845826 32.366177 -0.286060 -0.958200 0.004775 14.587335 -0.811218 0.239522 -0.533437 1281.240213 0.000000 0.000000 0.000000 1.000000 
0.512624 -0.147532 -0.845843 32.374840 -0.269471 -0.962997 0.004653 14.565238 -0.815231 0.225545 -0.533411 1281.236011 0.000000 0.000000 0.000000 1.000000 
0.515127 -0.138314 -0.845880 32.379976 -0.252390 -0.967615 0.004518 14.544911 -0.819111 0.211164 -0.533354 1281.173283 0.000000 0.000000 0.000000 1.000000 
0.517502 -0.129296 -0.845857 32.390717 -0.235198 -0.971936 0.004672 14.495553 -0.822723 0.196526 -0.533389 1281.210174 0.000000 0.000000 0.000000 1.000000 
0.519740 -0.119897 -0.845869 32.397069 -0.217917 -0.975957 0.004439 14.469670 -0.826065 0.182023 -0.533371 1281.190627 0.000000 0.000000 0.000000 1.000000 
0.521784 -0.110937 -0.845833 32.402546 -0.201123 -0.979556 0.004406 14.435022 -0.829030 0.167818 -0.533429 1281.188475 0.000000 0.000000 0.000000 1.000000 
0.523629 -0.101740 -0.845850 32.410291 -0.184030 -0.982911 0.004301 14.413047 -0.831833 0.153409 -0.533404 1281.176916 0.000000 0.000000 0.000000 1.000000 
0.525396 -0.092577 -0.845807 32.411514 -0.167003 -0.985948 0.004178 14.380187 -0.834308 0.139057 -0.533473 1281.165008 0.000000 0.000000 0.000000 1.000000 
0.526917 -0.083341 -0.845821 32.420724 -0.149786 -0.988710 0.004109 14.349977 -0.836614 0.124527 -0.533451 1281.145181 0.000000 0.000000 0.000000 1.000000 
0.528246 -0.074085 -0.845853 32.434193 -0.132593 -0.991163 0.004006 14.329651 -0.838675 0.110037 -0.533401 1281.118102 0.000000 0.000000 0.000000 1.000000 
0.529380 -0.065158 -0.845879 32.441814 -0.116038 -0.993237 0.003888 14.318377 -0.840412 0.096095 -0.533361 1281.084023 0.000000 0.000000 0.000000 1.000000 
0.000000 0.000000 0.000000 -263.765740 0.000000 0.000000 0.000000 0.849547 0.000000 0.000000 0.000000 13.577706 0.000000 0.000000 0.000000 1.000000 
0.531466 -0.046358 -0.845810 32.454390 -0.080843 -0.996719 0.003831 14.238740 -0.843213 0.066342 -0.533470 1281.094649 0.000000 0.000000 0.000000 1.000000 
0.532206 -0.036778 -0.845815 32.465386 -0.063031 -0.998005 0.003735 14.210231 -0.844265 0.051325 -0.533463 1281.064779 0.000000 0.000000 0.000000 1.000000 
0.532748 -0.027248 -0.845835 32.475181 -0.045292 -0.998967 0.003654 14.185692 -0.845061 0.036363 -0.533432 1281.033803 0.000000 0.000000 0.000000 1.000000 
0.533214 -0.018020 -0.845789 32.477908 -0.028097 -0.999599 0.003584 14.159706 -0.845514 0.021853 -0.533506 1281.007111 0.000000 0.000000 0.000000 1.000000 
0.533423 -0.008241 -0.845808 32.494365 -0.009911 -0.999945 0.003492 14.132476 -0.845790 0.006520 -0.533476 1281.001630 0.000000 0.000000 0.000000 1.000000 
0.533494 0.000850 -0.845804 32.506004 0.006997 -0.999970 0.003409 14.108832 -0.845775 -0.007737 -0.533484 1280.989534 0.000000 0.000000 0.000000 1.000000 
0.000000 0.000000 0.000000 -263.765740 0.000000 0.000000 0.000000 0.849547 0.000000 0.000000 0.000000 13.577706 0.000000 0.000000 0.000000 1.000000 
0.533185 0.019621 -0.845771 32.523358 0.041934 -0.999115 0.003257 14.058073 -0.844959 -0.037203 -0.533536 1280.949725 0.000000 0.000000 0.000000 1.000000 
0.532813 0.028698 -0.845746 32.537506 0.058835 -0.998263 0.003193 14.032543 -0.844185 -0.051460 -0.533575 1280.951686 0.000000 0.000000 0.000000 1.000000 
0.532223 0.038237 -0.845741 32.553015 0.076546 -0.997061 0.003091 14.008974 -0.843137 -0.066383 -0.533585 1280.933410 0.000000 0.000000 0.000000 1.000000 
0.531491 0.047532 -0.845729 32.565929 0.093849 -0.995582 0.003025 13.985608 -0.841849 -0.080979 -0.533604 1280.917302 0.000000 0.000000 0.000000 1.000000 
0.530598 0.056842 -0.845716 32.576587 0.111195 -0.993794 0.002969 13.963523 -0.840299 -0.095615 -0.533626 1280.903890 0.000000 0.000000 0.000000 1.000000 
0.529499 0.066344 -0.845712 32.592216 0.128803 -0.991666 0.002850 13.940531 -0.838475 -0.110440 -0.533632 1280.888666 0.000000 0.000000 0.000000 1.000000 
0.528241 0.075645 -0.845718 32.601901 0.146107 -0.989265 0.002775 13.917004 -0.836429 -0.125031 -0.533622 1280.861771 0.000000 0.000000 0.000000 1.000000 
0.565437 0.007871 -0.824754 15.981407 0.163107 -0.981274 0.102459 15.295350 -0.808503 -0.192457 -0.556132 1268.325997 0.000000 0.000000 0.000000 1.000000 
0.526660 0.047712 -0.848736 40.582433 0.183832 -0.981191 0.058914 13.675478 -0.829961 -0.187052 -0.525525 1284.932423 0.000000 0.000000 0.000000 1.000000 
0.523550 0.103549 -0.845679 32.639376 0.198048 -0.980189 0.002590 13.847895 -0.828657 -0.168841 -0.533686 1280.791290 0.000000 0.000000 0.000000 1.000000 
0.521640 0.112949 -0.845656 32.651616 0.215499 -0.976501 0.002505 13.827460 -0.825501 -0.183545 -0.533722 1280.767867 0.000000 0.000000 0.000000 1.000000 
0.519697 0.121781 -0.845627 32.663972 0.231898 -0.972737 0.002431 13.805478 -0.822276 -0.197363 -0.533769 1280.750619 0.000000 0.000000 0.000000 1.000000 
0.517532 0.130832 -0.845602 32.674947 0.248711 -0.968575 0.002360 13.784734 -0.818720 -0.211532 -0.533808 1280.727120 0.000000 0.000000 0.000000 1.000000 
0.515241 0.139699 -0.845583 32.691648 0.265170 -0.964199 0.002281 13.763905 -0.814992 -0.225399 -0.533838 1280.710044 0.000000 0.000000 0.000000 1.000000 
0.512717 0.148597 -0.845601 32.703928 0.281749 -0.959486 0.002224 13.747987 -0.811011 -0.239388 -0.533811 1280.669929 0.000000 0.000000 0.000000 1.000000 
0.510153 0.157363 -0.845566 32.721121 0.297935 -0.954584 0.002101 13.733765 -0.806833 -0.252996 -0.533867 1280.668690 0.000000 0.000000 0.000000 1.000000 
0.507361 0.166306 -0.845534 32.737578 0.314586 -0.949227 0.002066 13.710424 -0.802260 -0.267041 -0.533918 1280.651633 0.000000 0.000000 0.000000 1.000000 
0.504412 0.175125 -0.845517 32.753552 0.330915 -0.943658 0.001963 13.698337 -0.797536 -0.280785 -0.533944 1280.631598 0.000000 0.000000 0.000000 1.000000 
0.501306 0.183930 -0.845495 32.766256 0.347311 -0.937748 0.001927 13.676013 -0.792507 -0.294615 -0.533979 1280.603596 0.000000 0.000000 0.000000 1.000000 
0.497881 0.193163 -0.845460 32.783018 0.364424 -0.931231 0.001845 13.660081 -0.786963 -0.309025 -0.534035 1280.583776 0.000000 0.000000 0.000000 1.000000 
0.494352 0.202020 -0.845461 32.796491 0.380872 -0.924626 0.001764 13.640261 -0.781379 -0.322884 -0.534034 1280.550854 0.000000 0.000000 0.000000 1.000000 
0.490816 0.210539 -0.845442 32.811590 0.396687 -0.917952 0.001698 13.624368 -0.775718 -0.336209 -0.534064 1280.524705 0.000000 0.000000 0.000000 1.000000 
0.487010 0.219296 -0.845418 32.827710 0.412943 -0.910755 0.001635 13.609417 -0.769610 -0.349906 -0.534103 1280.506225 0.000000 0.000000 0.000000 1.000000 
0.483155 0.227754 -0.845393 32.843306 0.428649 -0.903470 0.001579 13.593246 -0.763428 -0.363140 -0.534142 1280.479549 0.000000 0.000000 0.000000 1.000000 
0.479155 0.236161 -0.845363 32.858545 0.444235 -0.895909 0.001512 13.580360 -0.757012 -0.376264 -0.534190 1280.441887 0.000000 0.000000 0.000000 1.000000 
0.474946 0.244552 -0.845353 32.871624 0.459742 -0.888051 0.001394 13.571571 -0.750376 -0.389307 -0.534207 1280.399634 0.000000 0.000000 0.000000 1.000000 
0.470715 0.252690 -0.845326 32.890363 0.474909 -0.880034 0.001385 13.554114 -0.743565 -0.402104 -0.534250 1280.400647 0.000000 0.000000 0.000000 1.000000 
0.466111 0.261186 -0.845294 32.906208 0.490681 -0.871338 0.001338 13.538008 -0.736187 -0.415394 -0.534300 1280.362352 0.000000 0.000000 0.000000 1.000000 
0.461459 0.269420 -0.845262 32.922366 0.505937 -0.862569 0.001273 13.530817 -0.728754 -0.428237 -0.534350 1280.345938 0.000000 0.000000 0.000000 1.000000 
0.456649 0.277527 -0.845252 32.941529 0.520975 -0.853571 0.001200 13.513682 -0.721149 -0.440903 -0.534367 1280.307296 0.000000 0.000000 0.000000 1.000000 
0.451889 0.285477 -0.845162 32.950556 0.535616 -0.844461 0.001142 13.502980 -0.713381 -0.453198 -0.534509 1280.290450 0.000000 0.000000 0.000000 1.000000 
-0.296995 -0.348111 -0.889164 65.290420 -0.578348 0.806528 -0.122581 14.205307 0.759808 0.477840 -0.440864 1290.936172 0.000000 0.000000 0.000000 1.000000 
-0.289327 -0.355849 -0.888629 65.505964 -0.594846 0.794164 -0.124346 14.017437 0.749965 0.492621 -0.441448 1289.976525 0.000000 0.000000 0.000000 1.000000 
0.436077 0.309120 -0.845152 33.010623 0.579506 -0.814968 0.000931 13.483802 -0.688484 -0.490176 -0.534526 1280.202676 0.000000 0.000000 0.000000 1.000000 
0.430647 0.316718 -0.845123 33.028006 0.593485 -0.804844 0.000797 13.486844 -0.679940 -0.501912 -0.534571 1280.168693 0.000000 0.000000 0.000000 1.000000 
0.425268 0.324122 -0.845040 33.037248 0.607261 -0.794502 0.000868 13.450818 -0.671104 -0.513529 -0.534703 1280.160300 0.000000 0.000000 0.000000 1.000000 
0.419729 0.331328 -0.845014 33.057575 0.620621 -0.784110 0.000823 13.445355 -0.662312 -0.524779 -0.534743 1280.140178 0.000000 0.000000 0.000000 1.000000 
0.415760 0.340617 -0.843282 32.749874 0.633827 -0.773475 0.000072 13.535661 -0.652233 -0.534524 -0.537472 1279.826619 0.000000 0.000000 0.000000 1.000000 
0.407836 0.346019 -0.844950 33.092234 0.647798 -0.761812 0.000703 13.430714 -0.643450 -0.547644 -0.534845 1280.087173 0.000000 0.000000 0.000000 1.000000 
0.401585 0.353318 -0.844924 33.109827 0.661320 -0.750104 0.000652 13.424138 -0.633550 -0.559027 -0.534887 1280.048557 0.000000 0.000000 0.000000 1.000000 
0.395253 0.360504 -0.844874 33.126077 0.674615 -0.738170 0.000628 13.416606 -0.623434 -0.570212 -0.534966 1280.017564 0.000000 0.000000 0.000000 1.000000 
0.389020 0.367282 -0.844847 33.143040 0.687151 -0.726515 0.000568 13.412441 -0.613585 -0.580759 -0.535007 1279.998349 0.000000 0.000000 0.000000 1.000000 
0.382389 0.374297 -0.844796 33.160176 0.700095 -0.714050 0.000523 13.406733 -0.603031 -0.591637 -0.535088 1279.972371 0.000000 0.000000 0.000000 1.000000 
0.375871 0.380927 -0.844757 33.179576 0.712324 -0.701851 0.000459 13.401739 -0.592719 -0.601914 -0.535149 1279.947521 0.000000 0.000000 0.000000 1.000000 
0.369451 0.387219 -0.844729 33.197944 0.723978 -0.689823 0.000428 13.399037 -0.582548 -0.611723 -0.535194 1279.921007 0.000000 0.000000 0.000000 1.000000 
0.362597 0.393702 -0.844702 33.216528 0.736003 -0.676978 0.000408 13.398896 -0.571684 -0.621851 -0.535236 1279.891662 0.000000 0.000000 0.000000 1.000000 
0.355938 0.399797 -0.844672 33.231825 0.747281 -0.664508 0.000375 13.396390 -0.561141 -0.631341 -0.535285 1279.858916 0.000000 0.000000 0.000000 1.000000 
0.348859 0.406074 -0.844631 33.249998 0.758828 -0.651291 0.000298 13.389995 -0.549979 -0.641033 -0.535349 1279.837565 0.000000 0.000000 0.000000 1.000000 
0.341846 0.412023 -0.844617 33.267014 0.769884 -0.638184 0.000279 13.389752 -0.538907 -0.650353 -0.535370 1279.803993 0.000000 0.000000 0.000000 1.000000 
0.334897 0.417799 -0.844564 33.284643 0.780511 -0.625141 0.000246 13.388213 -0.527869 -0.659274 -0.535455 1279.782719 0.000000 0.000000 0.000000 1.000000 
0.327529 0.423699 -0.844514 33.301648 0.791389 -0.611313 0.000225 13.390042 -0.516167 -0.668413 -0.535534 1279.775011 0.000000 0.000000 0.000000 1.000000 
