-0.661851 0.260450 -0.702936 20.943983 0.361878 0.932214 0.004674 3.884677 0.656504 -0.251284 -0.711238 1298.956066 0.000000 0.000000 0.000000 1.000000 
-0.661837 0.260189 -0.703046 20.953470 0.361727 0.932273 0.004499 3.880308 0.656601 -0.251332 -0.711131 1298.890928 0.000000 0.000000 0.000000 1.000000 
-0.661849 0.251971 -0.706021 21.308659 0.351103 0.936323 0.005027 3.737057 0.662331 -0.244559 -0.708173 1299.236802 0.000000 0.000000 0.000000 1.000000 
-0.665903 0.240950 -0.706057 21.305299 0.335497 0.942028 0.005061 3.767555 0.666345 -0.233510 -0.708137 1299.235823 0.000000 0.000000 0.000000 1.000000 
-0.669896 0.229662 -0.706042 21.299464 0.319418 0.947600 0.005171 3.794668 0.670233 -0.222058 -0.708151 1299.235641 0.000000 0.000000 0.000000 1.000000 
-0.673832 0.217854 -0.706038 21.290471 0.302626 0.953095 0.005264 3.820025 0.674068 -0.210119 -0.708154 1299.247793 0.000000 0.000000 0.000000 1.000000 
-0.677436 0.206363 -0.706042 21.284859 0.286313 0.958121 0.005329 3.850817 0.677573 -0.198539 -0.708150 1299.258772 0.000000 0.000000 0.000000 1.000000 
-0.680908 0.194536 -0.706060 21.279685 0.269524 0.962979 0.005401 3.883170 0.680971 -0.186623 -0.708132 1299.260614 0.000000 0.000000 0.000000 1.000000 
-0.684256 0.182414 -0.706059 21.272942 0.252305 0.967632 0.005479 3.914449 0.684204 -0.174393 -0.708132 1299.272531 0.000000 0.000000 0.000000 1.000000 
-0.687206 0.170947 -0.706063 21.266400 0.236030 0.971730 0.005543 3.943257 0.687050 -0.162843 -0.708128 1299.272684 0.000000 0.000000 0.000000 1.000000 
-0.689959 0.159367 -0.706087 21.263818 0.219592 0.975576 0.005615 3.974151 0.689736 -0.151177 -0.708103 1299.287326 0.000000 0.000000 0.000000 1.000000 
-0.692555 0.147877 -0.706045 21.247815 0.203243 0.979112 0.005709 3.998225 0.692141 -0.139545 -0.708144 1299.298521 0.000000 0.000000 0.000000 1.000000 
-0.694776 0.136002 -0.706250 21.259301 0.186526 0.982434 0.005691 4.033360 0.694618 -0.127780 -0.707940 1299.283840 0.000000 0.000000 0.000000 1.000000 
-0.697156 0.124431 -0.706038 21.228891 0.169954 0.985435 0.005856 4.056286 0.696483 -0.115912 -0.708149 1299.322922 0.000000 0.000000 0.000000 1.000000 
-0.699162 0.112623 -0.706038 21.217784 0.153192 0.988179 0.005928 4.081414 0.698359 -0.104015 -0.708150 1299.317750 0.000000 0.000000 0.000000 1.000000 
-0.701010 0.100413 -0.706047 21.208869 0.135848 0.990711 0.006019 4.110466 0.700093 -0.091696 -0.708139 1299.340645 0.000000 0.000000 0.000000 1.000000 
-0.702641 0.088176 -0.706060 21.197689 0.118481 0.992938 0.006095 4.139153 0.701611 -0.079372 -0.708126 1299.350163 0.000000 0.000000 0.000000 1.000000 
-0.704022 0.076482 -0.706048 21.185705 0.101885 0.994777 0.006165 4.163830 0.702832 -0.067596 -0.708137 1299.359103 0.000000 0.000000 0.000000 1.000000 
-0.705204 0.064660 -0.706049 21.174885 0.085109 0.996352 0.006239 4.188593 0.703877 -0.055692 -0.708135 1299.369135 0.000000 0.000000 0.000000 1.000000 
-0.706225 0.052472 -0.706040 21.160995 0.067784 0.997680 0.006345 4.220735 0.704735 -0.043377 -0.708144 1299.386463 0.000000 0.000000 0.000000 1.000000 
-0.707008 0.040483 -0.706046 21.147466 0.050790 0.998689 0.006403 4.245210 0.705380 -0.031333 -0.708137 1299.396681 0.000000 0.000000 0.000000 1.000000 
-0.707643 0.028175 -0.706008 21.126965 0.033285 0.999425 0.006523 4.265902 0.705786 -0.018884 -0.708173 1299.405174 0.000000 0.000000 0.000000 1.000000 
-0.708028 0.015997 -0.706003 21.113375 0.015993 0.999850 0.006617 4.293205 0.706003 -0.006607 -0.708178 1299.424257 0.000000 0.000000 0.000000 1.000000 
-0.708129 0.003892 -0.706073 21.108779 -0.001120 0.999977 0.006635 4.321388 0.706083 0.005489 -0.708108 1299.420713 0.000000 0.000000 0.000000 1.000000 
-0.708080 -0.008171 -0.706085 21.093581 -0.018281 0.999810 0.006762 4.345126 0.705895 0.017696 -0.708095 1299.441619 0.000000 0.000000 0.000000 1.000000 
-0.707861 -0.020314 -0.706059 21.079000 -0.035625 0.999341 0.006965 4.346511 0.705453 0.030084 -0.708118 1299.391475 0.000000 0.000000 0.000000 1.000000 
-0.707386 -0.032429 -0.706084 21.065413 -0.052693 0.998587 0.006927 4.395199 0.704861 0.042106 -0.708095 1299.448612 0.000000 0.000000 0.000000 1.000000 
-0.706706 -0.044578 -0.706101 21.050637 -0.069921 0.997528 0.007005 4.420705 0.704043 0.054321 -0.708076 1299.470712 0.000000 0.000000 0.000000 1.000000 
-0.705842 -0.056623 -0.706103 21.033835 -0.086995 0.996184 0.007078 4.445987 0.703007 0.066424 -0.708074 1299.486655 0.000000 0.000000 0.000000 1.000000 
-0.704746 -0.068645 -0.706131 21.020254 -0.104027 0.994549 0.007140 4.472372 0.701792 0.078489 -0.708045 1299.509771 0.000000 0.000000 0.000000 1.000000 
-0.703439 -0.080930 -0.706133 21.000870 -0.121460 0.992570 0.007238 4.493528 0.700300 0.090858 -0.708042 1299.532645 0.000000 0.000000 0.000000 1.000000 
-0.704230 -0.094189 -0.703696 20.700553 -0.140683 0.990020 0.008277 4.426257 0.695893 0.104827 -0.710453 1298.977737 0.000000 0.000000 0.000000 1.000000 
-0.702622 -0.105397 -0.703714 20.685844 -0.155869 0.987748 0.007690 4.548959 0.694281 0.115090 -0.710442 1299.009778 0.000000 0.000000 0.000000 1.000000 
-0.698174 -0.117789 -0.706172 20.950958 -0.173739 0.984763 0.007514 4.559634 0.694527 0.127936 -0.708000 1299.582000 0.000000 0.000000 0.000000 1.000000 
-0.696116 -0.129380 -0.706175 20.934648 -0.190157 0.981724 0.007585 4.582797 0.692288 0.139564 -0.707996 1299.592795 0.000000 0.000000 0.000000 1.000000 
-0.693748 -0.141341 -0.706213 20.918444 -0.207102 0.978289 0.007653 4.605626 0.689799 0.151568 -0.707958 1299.609337 0.000000 0.000000 0.000000 1.000000 
-0.691142 -0.153548 -0.706219 20.897447 -0.224409 0.974464 0.007747 4.623854 0.686996 0.163836 -0.707951 1299.635419 0.000000 0.000000 0.000000 1.000000 
-0.688525 -0.164757 -0.706249 20.884098 -0.240277 0.970673 0.007804 4.642234 0.684251 0.175069 -0.707920 1299.648675 0.000000 0.000000 0.000000 1.000000 
-0.685442 -0.177127 -0.706254 20.861086 -0.257778 0.966172 0.007869 4.660600 0.680969 0.187451 -0.707915 1299.673509 0.000000 0.000000 0.000000 1.000000 
-0.682378 -0.188458 -0.706289 20.846228 -0.273867 0.961734 0.007978 4.679793 0.677759 0.198874 -0.707879 1299.689504 0.000000 0.000000 0.000000 1.000000 
-0.678911 -0.200447 -0.706329 20.830733 -0.290830 0.956741 0.008029 4.708402 0.674164 0.210873 -0.707838 1299.705577 0.000000 0.000000 0.000000 1.000000 
-0.675191 -0.212601 -0.706342 20.812598 -0.308050 0.951336 0.008123 4.722496 0.670241 0.223073 -0.707824 1299.725548 0.000000 0.000000 0.000000 1.000000 
-0.671496 -0.223865 -0.706384 20.795752 -0.324053 0.946003 0.008243 4.740788 0.666396 0.234441 -0.707781 1299.743742 0.000000 0.000000 0.000000 1.000000 
-0.667300 -0.235988 -0.706414 20.775252 -0.341191 0.939957 0.008292 4.759362 0.662042 0.246556 -0.707750 1299.762558 0.000000 0.000000 0.000000 1.000000 
-0.663187 -0.247214 -0.706448 20.755682 -0.357075 0.934038 0.008352 4.779132 0.657785 0.257794 -0.707716 1299.774114 0.000000 0.000000 0.000000 1.000000 
-0.658824 -0.258559 -0.706469 20.734110 -0.373129 0.927741 0.008423 4.794460 0.653242 0.269153 -0.707694 1299.797199 0.000000 0.000000 0.000000 1.000000 
-0.654259 -0.269885 -0.706475 20.710933 -0.389148 0.921136 0.008497 4.809637 0.648467 0.280483 -0.707687 1299.829744 0.000000 0.000000 0.000000 1.000000 
-0.651718 -0.281830 -0.704155 20.426782 -0.405647 0.913979 0.009630 4.728727 0.640869 0.291914 -0.709981 1299.321725 0.000000 0.000000 0.000000 1.000000 
-0.646493 -0.292774 -0.704507 20.443424 -0.420659 0.907174 0.009022 4.842089 0.636469 0.302190 -0.709640 1299.410055 0.000000 0.000000 0.000000 1.000000 
-0.641293 -0.303995 -0.704508 20.419909 -0.435901 0.899955 0.008457 4.941631 0.631454 0.312519 -0.709646 1299.446470 0.000000 0.000000 0.000000 1.000000 
-0.634016 -0.314159 -0.706631 20.632877 -0.451802 0.892075 0.008768 4.873827 0.627613 0.324816 -0.707528 1299.914760 0.000000 0.000000 0.000000 1.000000 
-0.628128 -0.325731 -0.706650 20.609199 -0.468171 0.883593 0.008855 4.882921 0.621507 0.336395 -0.707508 1299.946608 0.000000 0.000000 0.000000 1.000000 
-0.622733 -0.335845 -0.706691 20.590307 -0.482470 0.875867 0.008907 4.894751 0.615976 0.346504 -0.707466 1299.963019 0.000000 0.000000 0.000000 1.000000 
-0.616373 -0.347293 -0.706733 20.570748 -0.498692 0.866732 0.009014 4.906230 0.609418 0.357998 -0.707423 1299.961751 0.000000 0.000000 0.000000 1.000000 
-0.610418 -0.357578 -0.706772 20.550137 -0.513236 0.858200 0.009076 4.916893 0.603306 0.368281 -0.707383 1299.992352 0.000000 0.000000 0.000000 1.000000 
-0.604349 -0.367667 -0.706812 20.528893 -0.527471 0.849524 0.009105 4.930714 0.597106 0.378326 -0.707343 1300.017084 0.000000 0.000000 0.000000 1.000000 
-0.597875 -0.378166 -0.706779 20.500064 -0.542295 0.840137 0.009216 4.936081 0.590306 0.388793 -0.707375 1300.018892 0.000000 0.000000 0.000000 1.000000 
-0.591514 -0.388008 -0.706796 20.477418 -0.556194 0.831001 0.009283 4.947959 0.583746 0.398607 -0.707356 1300.043865 0.000000 0.000000 0.000000 1.000000 
-0.584472 -0.398403 -0.706872 20.461924 -0.570869 0.820988 0.009299 4.961828 0.576629 0.408966 -0.707281 1300.066899 0.000000 0.000000 0.000000 1.000000 
-0.577427 -0.408484 -0.706908 20.440622 -0.585120 0.810893 0.009374 4.972166 0.569397 0.419038 -0.707244 1300.091953 0.000000 0.000000 0.000000 1.000000 
-0.570045 -0.418628 -0.706965 20.419352 -0.599454 0.800354 0.009428 4.981108 0.561875 0.429167 -0.707186 1300.127057 0.000000 0.000000 0.000000 1.000000 
-0.562308 -0.428909 -0.706999 20.395328 -0.613966 0.789275 0.009492 4.990884 0.553945 0.439411 -0.707151 1300.155754 0.000000 0.000000 0.000000 1.000000 
-0.556599 -0.439647 -0.704917 20.133354 -0.627846 0.778269 0.010348 4.908671 0.544065 0.448339 -0.709214 1299.719942 0.000000 0.000000 0.000000 1.000000 
-0.548552 -0.449771 -0.704838 20.095953 -0.641383 0.767161 0.009627 5.018576 0.536394 0.457352 -0.709303 1299.769867 0.000000 0.000000 0.000000 1.000000 
-0.540874 -0.459031 -0.704802 20.067521 -0.653966 0.756469 0.009180 5.121447 0.528947 0.465881 -0.709345 1299.844041 0.000000 0.000000 0.000000 1.000000 
-0.530974 -0.466909 -0.707151 20.305696 -0.667551 0.744501 0.009669 5.020937 0.521961 0.477193 -0.706996 1300.244790 0.000000 0.000000 0.000000 1.000000 
-0.522447 -0.476374 -0.707190 20.280840 -0.680931 0.732282 0.009771 5.023710 0.513208 0.486652 -0.706956 1300.265968 0.000000 0.000000 0.000000 1.000000 
-0.514395 -0.485024 -0.707212 20.255534 -0.693108 0.720767 0.009815 5.026230 0.504975 0.495223 -0.706933 1300.293527 0.000000 0.000000 0.000000 1.000000 
-0.505500 -0.494192 -0.707279 20.237271 -0.706077 0.708066 0.009899 5.029488 0.495908 0.504398 -0.706865 1300.304976 0.000000 0.000000 0.000000 1.000000 
-0.496993 -0.502639 -0.707355 20.218848 -0.718012 0.695960 0.009938 5.036717 0.487296 0.512829 -0.706788 1300.321480 0.000000 0.000000 0.000000 1.000000 
-0.488517 -0.510823 -0.707397 20.198263 -0.729538 0.683867 0.009976 5.039492 0.478670 0.520947 -0.706746 1300.359684 0.000000 0.000000 0.000000 1.000000 
-0.479240 -0.519474 -0.707443 20.175161 -0.741737 0.670616 0.010039 5.046391 0.469208 0.529548 -0.706699 1300.376644 0.000000 0.000000 0.000000 1.000000 
-0.470499 -0.527356 -0.707479 20.151979 -0.752836 0.658130 0.010092 5.045518 0.460291 0.537364 -0.706663 1300.402783 0.000000 0.000000 0.000000 1.000000 
-0.460950 -0.535649 -0.707535 20.131593 -0.764527 0.644512 0.010142 5.048372 0.450582 0.545604 -0.706606 1300.426065 0.000000 0.000000 0.000000 1.000000 
-0.451797 -0.543314 -0.707594 20.109069 -0.775322 0.631485 0.010166 5.052817 0.441311 0.553206 -0.706546 1300.441660 0.000000 0.000000 0.000000 1.000000 
-0.442338 -0.551034 -0.707601 20.079863 -0.786148 0.617954 0.010217 5.047434 0.431635 0.560798 -0.706539 1300.469213 0.000000 0.000000 0.000000 1.000000 
-0.432286 -0.558896 -0.707647 20.055782 -0.797199 0.603630 0.010248 5.050340 0.421430 0.568565 -0.706492 1300.503655 0.000000 0.000000 0.000000 1.000000 
-0.423107 -0.565785 -0.707720 20.036303 -0.806932 0.590554 0.010303 5.051927 0.412118 0.575442 -0.706418 1300.518516 0.000000 0.000000 0.000000 1.000000 
-0.413374 -0.572872 -0.707771 20.015478 -0.816904 0.576680 0.010346 5.052115 0.402231 0.582458 -0.706366 1300.536667 0.000000 0.000000 0.000000 1.000000 
-0.403210 -0.580035 -0.707800 19.987431 -0.826959 0.562166 0.010402 5.048275 0.391867 0.589516 -0.706336 1300.565516 0.000000 0.000000 0.000000 1.000000 
-0.393350 -0.586717 -0.707841 19.967017 -0.836347 0.548101 0.010449 5.043596 0.381838 0.596111 -0.706294 1300.591550 0.000000 0.000000 0.000000 1.000000 
-0.382667 -0.593667 -0.707902 19.943291 -0.846120 0.532890 0.010486 5.041787 0.371009 0.602982 -0.706233 1300.611645 0.000000 0.000000 0.000000 1.000000 
-0.372130 -0.600295 -0.707931 19.918341 -0.855399 0.517863 0.010522 5.037566 0.360295 0.609478 -0.706204 1300.638012 0.000000 0.000000 0.000000 1.000000 
-0.361672 -0.606611 -0.707967 19.893619 -0.864256 0.502941 0.010576 5.030470 0.349650 0.615690 -0.706167 1300.665925 0.000000 0.000000 0.000000 1.000000 
-0.350586 -0.612992 -0.708047 19.873394 -0.873246 0.487164 0.010621 5.026738 0.338425 0.622023 -0.706085 1300.671997 0.000000 0.000000 0.000000 1.000000 
-0.340112 -0.618820 -0.708086 19.849078 -0.881389 0.472272 0.010621 5.028204 0.327837 0.627712 -0.706046 1300.705978 0.000000 0.000000 0.000000 1.000000 
-0.328906 -0.624794 -0.708134 19.827115 -0.889760 0.456304 0.010665 5.016773 0.316461 0.633577 -0.705998 1300.721008 0.000000 0.000000 0.000000 1.000000 
-0.318492 -0.630123 -0.708172 19.799572 -0.897214 0.441467 0.010699 5.009631 0.305893 0.638789 -0.705959 1300.725272 0.000000 0.000000 0.000000 1.000000 
-0.307200 -0.635615 -0.708252 19.781561 -0.904936 0.425413 0.010727 5.011280 0.294482 0.644218 -0.705878 1300.773510 0.000000 0.000000 0.000000 1.000000 
-0.297055 -0.643254 -0.705679 19.437257 -0.912808 0.408208 0.012148 4.802218 0.280249 0.647758 -0.708428 1300.409636 0.000000 0.000000 0.000000 1.000000 
-0.286035 -0.647806 -0.706067 19.462253 -0.919173 0.393697 0.011155 4.938558 0.270750 0.652188 -0.708057 1300.390398 0.000000 0.000000 0.000000 1.000000 
-0.274305 -0.652560 -0.706344 19.463679 -0.925775 0.377934 0.010364 5.055708 0.260188 0.656758 -0.707793 1300.505214 0.000000 0.000000 0.000000 1.000000 
-0.262222 -0.655118 -0.708563 19.703346 -0.932310 0.361499 0.010793 4.978156 0.249073 0.663430 -0.705565 1300.870614 0.000000 0.000000 0.000000 1.000000 
-0.250466 -0.659659 -0.708602 19.676665 -0.938627 0.344765 0.010819 4.966667 0.237164 0.667823 -0.705525 1300.906300 0.000000 0.000000 0.000000 1.000000 
-0.238674 -0.663932 -0.708681 19.658487 -0.944606 0.328030 0.010814 4.959095 0.225289 0.672005 -0.705446 1300.924402 0.000000 0.000000 0.000000 1.000000 
-0.226842 -0.668019 -0.708726 19.631239 -0.950280 0.311207 0.010824 4.950862 0.213330 0.675944 -0.705401 1300.948351 0.000000 0.000000 0.000000 1.000000 
-0.214885 -0.671867 -0.708815 19.616287 -0.955677 0.294218 0.010842 4.942709 0.201262 0.679728 -0.705311 1300.965167 0.000000 0.000000 0.000000 1.000000 
-0.203797 -0.675261 -0.708864 19.591085 -0.960386 0.278460 0.010849 4.930879 0.190064 0.682995 -0.705261 1300.986332 0.000000 0.000000 0.000000 1.000000 
-0.191647 -0.678750 -0.708921 19.567610 -0.965243 0.261125 0.010928 4.912138 0.177700 0.686376 -0.705203 1301.009283 0.000000 0.000000 0.000000 1.000000 
-0.179595 -0.681969 -0.708988 19.547160 -0.969707 0.244027 0.010910 4.904001 0.165572 0.689470 -0.705136 1301.030976 0.000000 0.000000 0.000000 1.000000 
-0.168127 -0.684820 -0.709052 19.528826 -0.973654 0.227773 0.010880 4.892430 0.154052 0.692201 -0.705072 1301.065023 0.000000 0.000000 0.000000 1.000000 
-0.155421 -0.687738 -0.709127 19.508381 -0.977703 0.209710 0.010901 4.878686 0.141214 0.695010 -0.704997 1301.083735 0.000000 0.000000 0.000000 1.000000 
-0.143243 -0.690320 -0.709182 19.486397 -0.981257 0.192392 0.010923 4.862293 0.128901 0.697455 -0.704940 1301.103895 0.000000 0.000000 0.000000 1.000000 
-0.131103 -0.692657 -0.709252 19.464937 -0.984479 0.175160 0.010916 4.849430 0.116672 0.699675 -0.704870 1301.122270 0.000000 0.000000 0.000000 1.000000 
-0.118582 -0.694843 -0.709318 19.445042 -0.987476 0.157392 0.010903 4.835151 0.104065 0.701727 -0.704804 1301.147228 0.000000 0.000000 0.000000 1.000000 
-0.106356 -0.696767 -0.709369 19.423125 -0.990087 0.140029 0.010903 4.817688 0.091736 0.703497 -0.704753 1301.155946 0.000000 0.000000 0.000000 1.000000 
-0.093967 -0.698473 -0.709441 19.404524 -0.992417 0.122435 0.010906 4.798743 0.079243 0.705085 -0.704681 1301.185014 0.000000 0.000000 0.000000 1.000000 
-0.082271 -0.699895 -0.709492 19.384736 -0.994324 0.105832 0.010898 4.785638 0.067459 0.706361 -0.704629 1301.200489 0.000000 0.000000 0.000000 1.000000 
-0.070027 -0.701191 -0.709527 19.362887 -0.996023 0.088427 0.010915 4.760847 0.055088 0.707469 -0.704594 1301.226157 0.000000 0.000000 0.000000 1.000000 
-0.058242 -0.702195 -0.709599 19.344413 -0.997367 0.071691 0.010918 4.743852 0.043205 0.708367 -0.704521 1301.244050 0.000000 0.000000 0.000000 1.000000 
-0.046237 -0.703011 -0.709675 19.327517 -0.998446 0.054654 0.010911 4.726933 0.031116 0.709076 -0.704445 1301.258723 0.000000 0.000000 0.000000 1.000000 
-0.033233 -0.703676 -0.709743 19.309946 -0.999286 0.036181 0.010918 4.704672 0.017997 0.709599 -0.704376 1301.267617 0.000000 0.000000 0.000000 1.000000 
-0.021238 -0.704088 -0.709795 19.289372 -0.999757 0.019185 0.010884 4.687219 0.005954 0.709853 -0.704325 1301.301973 0.000000 0.000000 0.000000 1.000000 
-0.009347 -0.704273 -0.709868 19.271956 -0.999938 0.002327 0.010858 4.669962 -0.005995 0.709926 -0.704251 1301.315296 0.000000 0.000000 0.000000 1.000000 
0.002915 -0.704242 -0.709954 19.256785 -0.999828 -0.015074 0.010847 4.647625 -0.018341 0.709800 -0.704164 1301.330165 0.000000 0.000000 0.000000 1.000000 
0.015138 -0.704066 -0.709973 19.235494 -0.999416 -0.032411 0.010832 4.627423 -0.030637 0.709394 -0.704146 1301.355607 0.000000 0.000000 0.000000 1.000000 
0.027764 -0.703634 -0.710020 19.215966 -0.998673 -0.050345 0.010842 4.604037 -0.043375 0.708777 -0.704098 1301.367081 0.000000 0.000000 0.000000 1.000000 
0.040462 -0.702923 -0.710114 19.202982 -0.997603 -0.068344 0.010809 4.579127 -0.056131 0.707974 -0.704004 1301.387719 0.000000 0.000000 0.000000 1.000000 
0.052921 -0.702066 -0.710143 19.180340 -0.996235 -0.086017 0.010798 4.556795 -0.068665 0.706898 -0.703975 1301.413526 0.000000 0.000000 0.000000 1.000000 
0.065164 -0.700968 -0.710210 19.164845 -0.994586 -0.103359 0.010758 4.536637 -0.080948 0.705664 -0.703908 1301.424791 0.000000 0.000000 0.000000 1.000000 
0.078034 -0.701922 -0.707966 18.879731 -0.992490 -0.121799 0.011364 4.420454 -0.094206 0.701763 -0.706155 1300.986137 0.000000 0.000000 0.000000 1.000000 
0.090023 -0.698084 -0.710334 19.132565 -0.990291 -0.138599 0.010706 4.489868 -0.105925 0.702473 -0.703784 1301.464459 0.000000 0.000000 0.000000 1.000000 
0.101738 -0.696404 -0.710402 19.118659 -0.987824 -0.155207 0.010680 4.466169 -0.117697 0.700666 -0.703715 1301.472994 0.000000 0.000000 0.000000 1.000000 
0.113869 -0.694482 -0.710443 19.100802 -0.984972 -0.172388 0.010644 4.446970 -0.129864 0.698554 -0.703675 1301.491749 0.000000 0.000000 0.000000 1.000000 
0.126036 -0.692310 -0.710508 19.086280 -0.981798 -0.189632 0.010615 4.421692 -0.142084 0.696237 -0.703609 1301.505521 0.000000 0.000000 0.000000 1.000000 
0.138453 -0.689883 -0.710557 19.066958 -0.978231 -0.207247 0.010607 4.394275 -0.154578 0.693621 -0.703559 1301.524416 0.000000 0.000000 0.000000 1.000000 
0.150783 -0.687227 -0.710622 19.054145 -0.974368 -0.224710 0.010566 4.368922 -0.166945 0.690814 -0.703495 1301.540603 0.000000 0.000000 0.000000 1.000000 
0.162584 -0.684486 -0.710665 19.038793 -0.970354 -0.241457 0.010567 4.340557 -0.178828 0.687879 -0.703451 1301.553779 0.000000 0.000000 0.000000 1.000000 
0.174516 -0.681452 -0.710751 19.028126 -0.966001 -0.258327 0.010488 4.317750 -0.190753 0.684755 -0.703366 1301.573523 0.000000 0.000000 0.000000 1.000000 
0.186519 -0.678237 -0.710778 19.008615 -0.961294 -0.275325 0.010462 4.294418 -0.202791 0.681315 -0.703339 1301.593471 0.000000 0.000000 0.000000 1.000000 
0.198468 -0.674715 -0.710894 19.007303 -0.956353 -0.292038 0.010181 4.311953 -0.214477 0.677844 -0.703226 1301.501083 0.000000 0.000000 0.000000 1.000000 
0.210410 -0.671075 -0.710906 18.986328 -0.950950 -0.309171 0.010391 4.236797 -0.226765 0.673849 -0.703211 1301.618627 0.000000 0.000000 0.000000 1.000000 
0.221924 -0.667311 -0.710947 18.970468 -0.945499 -0.325460 0.010344 4.208102 -0.238287 0.669905 -0.703169 1301.631420 0.000000 0.000000 0.000000 1.000000 
0.233338 -0.663269 -0.711075 18.974389 -0.939868 -0.341392 0.010024 4.239734 -0.249404 0.665978 -0.703044 1301.480874 0.000000 0.000000 0.000000 1.000000 
0.244771 -0.659026 -0.711177 18.971727 -0.933897 -0.357409 0.009774 4.253373 -0.260622 0.661773 -0.702946 1301.423847 0.000000 0.000000 0.000000 1.000000 
0.256349 -0.654669 -0.711122 18.935687 -0.927288 -0.374209 0.010229 4.127038 -0.272805 0.656793 -0.702994 1301.658056 0.000000 0.000000 0.000000 1.000000 
0.268171 -0.649849 -0.711183 18.924846 -0.920366 -0.390926 0.010162 4.101178 -0.284623 0.651823 -0.702934 1301.673757 0.000000 0.000000 0.000000 1.000000 
0.279268 -0.645075 -0.711258 18.916771 -0.913518 -0.406672 0.010147 4.071594 -0.295794 0.646913 -0.702858 1301.678525 0.000000 0.000000 0.000000 1.000000 
0.290925 -0.639870 -0.711287 18.900726 -0.906017 -0.423121 0.010065 4.042106 -0.307401 0.641510 -0.702830 1301.702429 0.000000 0.000000 0.000000 1.000000 
0.302066 -0.634607 -0.711358 18.893379 -0.898475 -0.438909 0.010032 4.012288 -0.318588 0.636107 -0.702758 1301.695970 0.000000 0.000000 0.000000 1.000000 
0.313130 -0.629175 -0.711399 18.882501 -0.890663 -0.454555 0.009982 3.983471 -0.329651 0.630491 -0.702717 1301.704018 0.000000 0.000000 0.000000 1.000000 
0.323959 -0.623620 -0.711442 18.873584 -0.882671 -0.469885 0.009952 3.953213 -0.340503 0.624745 -0.702674 1301.682843 0.000000 0.000000 0.000000 1.000000 
0.334648 -0.617919 -0.711468 18.856313 -0.874460 -0.484996 0.009912 3.924021 -0.351184 0.618833 -0.702649 1301.726611 0.000000 0.000000 0.000000 1.000000 
0.345365 -0.611882 -0.711564 18.856478 -0.865869 -0.500174 0.009846 3.893112 -0.361930 0.612721 -0.702552 1301.713809 0.000000 0.000000 0.000000 1.000000 
0.356004 -0.605750 -0.711568 18.842537 -0.857039 -0.515159 0.009765 3.865066 -0.372486 0.606365 -0.702550 1301.685771 0.000000 0.000000 0.000000 1.000000 
0.366236 -0.599573 -0.711606 18.831279 -0.848174 -0.529628 0.009722 3.833927 -0.382716 0.600006 -0.702511 1301.721819 0.000000 0.000000 0.000000 1.000000 
0.376883 -0.592832 -0.711694 18.828588 -0.838569 -0.544710 0.009665 3.802337 -0.393397 0.593162 -0.702423 1301.755269 0.000000 0.000000 0.000000 1.000000 
0.386995 -0.586178 -0.711780 18.825226 -0.829093 -0.559029 0.009603 3.776622 -0.403535 0.586415 -0.702337 1301.762971 0.000000 0.000000 0.000000 1.000000 
0.397142 -0.579346 -0.711784 18.814476 -0.819273 -0.573324 0.009532 3.745868 -0.413605 0.579360 -0.702334 1301.755540 0.000000 0.000000 0.000000 1.000000 
0.407603 -0.571986 -0.711823 18.806632 -0.808748 -0.588079 0.009448 3.715730 -0.424013 0.571835 -0.702295 1301.762911 0.000000 0.000000 0.000000 1.000000 
0.417466 -0.564762 -0.711875 18.801909 -0.798406 -0.602045 0.009418 3.684221 -0.433900 0.564433 -0.702243 1301.771984 0.000000 0.000000 0.000000 1.000000 
0.427295 -0.557278 -0.711942 18.798030 -0.787728 -0.615952 0.009361 3.651105 -0.443739 0.556816 -0.702176 1301.784484 0.000000 0.000000 0.000000 1.000000 
0.436831 -0.549819 -0.711954 18.787283 -0.777049 -0.629372 0.009272 3.617753 -0.453182 0.549172 -0.702165 1301.791213 0.000000 0.000000 0.000000 1.000000 
0.446060 -0.542330 -0.711975 18.779552 -0.766315 -0.642399 0.009228 3.587897 -0.462377 0.541481 -0.702144 1301.796441 0.000000 0.000000 0.000000 1.000000 
0.455100 -0.534720 -0.712010 18.775253 -0.755449 -0.655144 0.009148 3.555865 -0.471361 0.533723 -0.702110 1301.787195 0.000000 0.000000 0.000000 1.000000 
0.464263 -0.526716 -0.712060 18.774196 -0.744022 -0.668094 0.009091 3.525036 -0.480512 0.525567 -0.702059 1301.784454 0.000000 0.000000 0.000000 1.000000 
0.473362 -0.518482 -0.712113 18.769750 -0.732263 -0.680962 0.009044 3.491263 -0.489611 0.517173 -0.702006 1301.808250 0.000000 0.000000 0.000000 1.000000 
0.482271 -0.510175 -0.712135 18.763387 -0.720383 -0.693518 0.008981 3.456847 -0.498460 0.508679 -0.701985 1301.818053 0.000000 0.000000 0.000000 1.000000 
0.491293 -0.501518 -0.712117 18.753503 -0.707952 -0.706204 0.008934 3.423038 -0.507380 0.499756 -0.702004 1301.827155 0.000000 0.000000 0.000000 1.000000 
0.499857 -0.492853 -0.712207 18.758087 -0.695659 -0.718318 0.008839 3.394044 -0.515948 0.491035 -0.701914 1301.813595 0.000000 0.000000 0.000000 1.000000 
0.508288 -0.484166 -0.712198 18.750939 -0.683211 -0.730168 0.008782 3.361172 -0.524277 0.482118 -0.701923 1301.817560 0.000000 0.000000 0.000000 1.000000 
0.516733 -0.475099 -0.712227 18.747350 -0.670270 -0.742066 0.008711 3.325835 -0.532658 0.472883 -0.701895 1301.828593 0.000000 0.000000 0.000000 1.000000 
0.524928 -0.465973 -0.712264 18.748283 -0.657261 -0.753614 0.008634 3.293476 -0.540795 0.463611 -0.701859 1301.829133 0.000000 0.000000 0.000000 1.000000 
0.533050 -0.456566 -0.712324 18.752217 -0.643866 -0.765090 0.008566 3.263376 -0.548903 0.454075 -0.701798 1301.831797 0.000000 0.000000 0.000000 1.000000 
0.541018 -0.447102 -0.712319 18.746022 -0.630329 -0.776282 0.008505 3.227601 -0.556763 0.444394 -0.701804 1301.835348 0.000000 0.000000 0.000000 1.000000 
0.548708 -0.437630 -0.712320 18.741424 -0.616794 -0.787080 0.008437 3.193579 -0.564345 0.434725 -0.701804 1301.824005 0.000000 0.000000 0.000000 1.000000 
0.556165 -0.428060 -0.712352 18.743021 -0.603156 -0.797579 0.008364 3.163588 -0.571737 0.425008 -0.701772 1301.827613 0.000000 0.000000 0.000000 1.000000 
0.563474 -0.418353 -0.712375 18.742366 -0.589321 -0.807857 0.008286 3.126943 -0.578964 0.415149 -0.701750 1301.825204 0.000000 0.000000 0.000000 1.000000 
0.570903 -0.408168 -0.712368 18.738466 -0.574764 -0.818278 0.008227 3.091981 -0.586273 0.404746 -0.701758 1301.827207 0.000000 0.000000 0.000000 1.000000 
0.577900 -0.398109 -0.712419 18.742437 -0.560477 -0.828130 0.008122 3.068285 -0.593209 0.394601 -0.701707 1301.836516 0.000000 0.000000 0.000000 1.000000 
0.584841 -0.387725 -0.712482 18.751536 -0.545715 -0.837932 0.008043 3.033139 -0.600130 0.384108 -0.701644 1301.822827 0.000000 0.000000 0.000000 1.000000 
0.591801 -0.377070 -0.712453 18.746226 -0.530472 -0.847665 0.007993 2.998333 -0.606935 0.373206 -0.701674 1301.828503 0.000000 0.000000 0.000000 1.000000 
0.598148 -0.366916 -0.712455 18.745892 -0.516005 -0.856549 0.007908 2.964030 -0.613154 0.362900 -0.701674 1301.819887 0.000000 0.000000 0.000000 1.000000 
0.604682 -0.355877 -0.712539 18.755338 -0.500332 -0.865798 0.007826 2.931550 -0.619700 0.351774 -0.701589 1301.812368 0.000000 0.000000 0.000000 1.000000 
0.610842 -0.345272 -0.712502 18.752237 -0.485252 -0.874341 0.007682 2.900094 -0.625622 0.341051 -0.701628 1301.819441 0.000000 0.000000 0.000000 1.000000 
0.616874 -0.334458 -0.712463 18.749300 -0.469602 -0.882844 0.007845 2.839540 -0.631617 0.329735 -0.701665 1301.811760 0.000000 0.000000 0.000000 1.000000 
0.622573 -0.323485 -0.712573 18.766876 -0.454237 -0.890849 0.007551 2.846588 -0.637238 0.318976 -0.701557 1301.768144 0.000000 0.000000 0.000000 1.000000 
0.628119 -0.312639 -0.712547 18.765451 -0.438723 -0.898591 0.007529 2.803405 -0.642642 0.307882 -0.701584 1301.802649 0.000000 0.000000 0.000000 1.000000 
0.633693 -0.301109 -0.712577 18.772329 -0.422316 -0.906418 0.007454 2.767367 -0.648137 0.296209 -0.701554 1301.793912 0.000000 0.000000 0.000000 1.000000 
0.638956 -0.289779 -0.712575 18.773400 -0.406177 -0.913765 0.007383 2.735084 -0.653265 0.284714 -0.701557 1301.780086 0.000000 0.000000 0.000000 1.000000 
0.643916 -0.278553 -0.712587 18.780311 -0.390213 -0.920696 0.007294 2.705230 -0.658108 0.273363 -0.701546 1301.778932 0.000000 0.000000 0.000000 1.000000 
0.648807 -0.266976 -0.712582 18.785875 -0.373744 -0.927504 0.007205 2.671636 -0.662846 0.261649 -0.701552 1301.789466 0.000000 0.000000 0.000000 1.000000 
0.653436 -0.255421 -0.712588 18.792485 -0.357290 -0.933966 0.007141 2.638933 -0.667357 0.249934 -0.701547 1301.783503 0.000000 0.000000 0.000000 1.000000 
0.674561 -0.282131 -0.682180 11.259305 -0.337958 -0.939587 0.054405 2.220062 -0.656317 0.193849 -0.729157 1289.213159 0.000000 0.000000 0.000000 1.000000 
0.661953 -0.232426 -0.712599 18.807011 -0.324583 -0.945831 0.006985 2.572570 -0.675622 0.226674 -0.701537 1301.758673 0.000000 0.000000 0.000000 1.000000 
0.665687 -0.221590 -0.712572 18.811808 -0.309164 -0.950983 0.006907 2.546103 -0.679174 0.215704 -0.701565 1301.755449 0.000000 0.000000 0.000000 1.000000 
0.669422 -0.209979 -0.712589 18.819173 -0.292674 -0.956188 0.006816 2.516492 -0.682800 0.203993 -0.701549 1301.734327 0.000000 0.000000 0.000000 1.000000 
0.672952 -0.198390 -0.712584 18.824914 -0.276174 -0.961084 0.006760 2.482186 -0.686194 0.192248 -0.701554 1301.725982 0.000000 0.000000 0.000000 1.000000 
0.676280 -0.186650 -0.712606 18.834403 -0.259537 -0.965710 0.006638 2.460164 -0.689410 0.180458 -0.701533 1301.723533 0.000000 0.000000 0.000000 1.000000 
0.679454 -0.174550 -0.712653 18.852919 -0.242409 -0.970152 0.006503 2.440471 -0.692517 0.168336 -0.701486 1301.663169 0.000000 0.000000 0.000000 1.000000 
0.682445 -0.162592 -0.712624 18.855831 -0.225174 -0.974296 0.006657 2.390796 -0.695389 0.155922 -0.701515 1301.701070 0.000000 0.000000 0.000000 1.000000 
0.685243 -0.150293 -0.712638 18.866356 -0.207853 -0.978139 0.006423 2.365130 -0.698025 0.143723 -0.701502 1301.683103 0.000000 0.000000 0.000000 1.000000 
0.687776 -0.138489 -0.712591 18.872367 -0.191023 -0.981565 0.006391 2.330525 -0.700339 0.131726 -0.701551 1301.681867 0.000000 0.000000 0.000000 1.000000 
0.690077 -0.126410 -0.712611 18.882527 -0.173896 -0.984744 0.006287 2.308694 -0.702534 0.119582 -0.701531 1301.672036 0.000000 0.000000 0.000000 1.000000 
0.692232 -0.114379 -0.712554 18.886453 -0.156839 -0.987605 0.006164 2.275956 -0.704427 0.107490 -0.701590 1301.660376 0.000000 0.000000 0.000000 1.000000 
0.694110 -0.102240 -0.712572 18.899855 -0.139595 -0.990190 0.006095 2.245977 -0.706205 0.095241 -0.701573 1301.642707 0.000000 0.000000 0.000000 1.000000 
0.695748 -0.090093 -0.712613 18.918909 -0.122378 -0.992466 0.005992 2.225969 -0.707784 0.083039 -0.701531 1301.618949 0.000000 0.000000 0.000000 1.000000 
0.697130 -0.078385 -0.712646 18.933689 -0.105802 -0.994370 0.005873 2.215057 -0.709094 0.071305 -0.701499 1301.587183 0.000000 0.000000 0.000000 1.000000 
0.000000 0.000000 0.000000 0.000000 0.000000 0.000000 0.000000 0.000000 0.000000 0.000000 0.000000 0.000000 0.000000 0.000000 0.000000 1.000000 
0.699561 -0.053651 -0.712556 18.944171 -0.070574 -0.997490 0.005817 2.135368 -0.711079 0.046218 -0.701591 1301.599553 0.000000 0.000000 0.000000 1.000000 
0.700405 -0.041081 -0.712562 18.961451 -0.052751 -0.998591 0.005721 2.107194 -0.711793 0.033581 -0.701586 1301.572469 0.000000 0.000000 0.000000 1.000000 
0.701001 -0.028574 -0.712588 18.977770 -0.035003 -0.999371 0.005640 2.082997 -0.712301 0.020989 -0.701561 1301.544083 0.000000 0.000000 0.000000 1.000000 
0.701453 -0.016460 -0.712526 18.986280 -0.017802 -0.999826 0.005571 2.057283 -0.712493 0.008777 -0.701624 1301.518361 0.000000 0.000000 0.000000 1.000000 
0.701611 -0.003632 -0.712551 19.003685 0.000387 -0.999985 0.005478 2.030172 -0.712560 -0.004119 -0.701599 1301.516281 0.000000 0.000000 0.000000 1.000000 
0.701578 0.008290 -0.712544 19.017774 0.017294 -0.999836 0.005395 2.006691 -0.712382 -0.016108 -0.701607 1301.506740 0.000000 0.000000 0.000000 1.000000 
0.000000 0.000000 0.000000 0.000000 0.000000 0.000000 0.000000 0.000000 0.000000 0.000000 0.000000 0.000000 0.000000 0.000000 0.000000 1.000000 
0.700900 0.032910 -0.712500 19.043515 0.052220 -0.998622 0.005244 1.956390 -0.711346 -0.040882 -0.701652 1301.471108 0.000000 0.000000 0.000000 1.000000 
0.700273 0.044813 -0.712467 19.057067 0.069110 -0.997596 0.005180 1.930896 -0.710522 -0.052866 -0.701686 1301.475820 0.000000 0.000000 0.000000 1.000000 
0.699370 0.057309 -0.712459 19.076254 0.086808 -0.996212 0.005079 1.907566 -0.709469 -0.065399 -0.701695 1301.461068 0.000000 0.000000 0.000000 1.000000 
0.698280 0.069495 -0.712444 19.092442 0.104095 -0.994555 0.005012 1.884408 -0.708216 -0.077662 -0.701711 1301.447883 0.000000 0.000000 0.000000 1.000000 
0.696975 0.081702 -0.712425 19.105843 0.121422 -0.992589 0.004957 1.862496 -0.706740 -0.089959 -0.701730 1301.436862 0.000000 0.000000 0.000000 1.000000 
0.695411 0.094135 -0.712420 19.124494 0.139007 -0.990280 0.004838 1.839713 -0.705040 -0.102396 -0.701737 1301.425123 0.000000 0.000000 0.000000 1.000000 
0.693645 0.106320 -0.712427 19.139830 0.156285 -0.987701 0.004763 1.816487 -0.703159 -0.114645 -0.701730 1301.400709 0.000000 0.000000 0.000000 1.000000 
0.723928 0.054444 -0.687724 5.568165 0.173153 -0.979310 0.104741 3.253843 -0.667792 -0.194907 -0.718377 1285.620017 0.000000 0.000000 0.000000 1.000000 
0.690501 0.092214 -0.717429 26.069634 0.193938 -0.979127 0.060808 1.565640 -0.696847 -0.181125 -0.693973 1307.078060 0.000000 0.000000 0.000000 1.000000 
0.687102 0.142874 -0.712374 19.191877 0.208129 -0.978091 0.004579 1.748214 -0.696113 -0.151412 -0.701785 1301.339246 0.000000 0.000000 0.000000 1.000000 
0.684462 0.155172 -0.712344 19.208950 0.225541 -0.974223 0.004494 1.728056 -0.693285 -0.163739 -0.701816 1301.318796 0.000000 0.000000 0.000000 1.000000 
0.681780 0.166727 -0.712305 19.224829 0.241900 -0.970291 0.004421 1.706290 -0.690406 -0.175321 -0.701857 1301.304391 0.000000 0.000000 0.000000 1.000000 
0.678809 0.178568 -0.712272 19.240684 0.258669 -0.965956 0.004350 1.685819 -0.687247 -0.187196 -0.701890 1301.283594 0.000000 0.000000 0.000000 1.000000 
0.675679 0.190163 -0.712247 19.260764 0.275082 -0.961411 0.004272 1.665221 -0.683950 -0.198813 -0.701916 1301.270293 0.000000 0.000000 0.000000 1.000000 
0.672268 0.201812 -0.712269 19.281410 0.291612 -0.956528 0.004215 1.649743 -0.680455 -0.210539 -0.701894 1301.233584 0.000000 0.000000 0.000000 1.000000 
0.668778 0.213251 -0.712222 19.298554 0.307747 -0.951460 0.004092 1.635600 -0.676778 -0.221921 -0.701942 1301.235918 0.000000 0.000000 0.000000 1.000000 
0.664978 0.224953 -0.712180 19.318406 0.324341 -0.945931 0.004057 1.612489 -0.672761 -0.233687 -0.701985 1301.222562 0.000000 0.000000 0.000000 1.000000 
0.660995 0.236468 -0.712158 19.338356 0.340612 -0.940196 0.003955 1.600660 -0.668632 -0.245184 -0.702008 1301.206292 0.000000 0.000000 0.000000 1.000000 
0.656792 0.247986 -0.712128 19.356871 0.356945 -0.934117 0.003919 1.578659 -0.664239 -0.256765 -0.702038 1301.181451 0.000000 0.000000 0.000000 1.000000 
0.652164 0.260043 -0.712082 19.377566 0.373991 -0.927425 0.003838 1.562985 -0.659404 -0.268815 -0.702086 1301.165525 0.000000 0.000000 0.000000 1.000000 
0.647429 0.271614 -0.712082 19.397868 0.390369 -0.920651 0.003757 1.543539 -0.654559 -0.280407 -0.702086 1301.136064 0.000000 0.000000 0.000000 1.000000 
0.642676 0.282740 -0.712057 19.418289 0.406115 -0.913815 0.003691 1.527960 -0.649645 -0.291549 -0.702112 1301.113601 0.000000 0.000000 0.000000 1.000000 
0.637560 0.294175 -0.712025 19.438066 0.422296 -0.906451 0.003629 1.513252 -0.644347 -0.302999 -0.702145 1301.098856 0.000000 0.000000 0.000000 1.000000 
0.632383 0.305218 -0.711992 19.459087 0.437926 -0.899004 0.003573 1.497402 -0.638993 -0.314060 -0.702178 1301.075982 0.000000 0.000000 0.000000 1.000000 
0.627016 0.316188 -0.711952 19.482084 0.453433 -0.891284 0.003507 1.484942 -0.633442 -0.325022 -0.702219 1301.042327 0.000000 0.000000 0.000000 1.000000 
0.621399 0.327122 -0.711938 19.503926 0.468859 -0.883267 0.003389 1.476617 -0.627722 -0.335904 -0.702235 1301.003762 0.000000 0.000000 0.000000 1.000000 
0.615725 0.337755 -0.711902 19.522119 0.483941 -0.875094 0.003381 1.459222 -0.621839 -0.346601 -0.702271 1301.008598 0.000000 0.000000 0.000000 1.000000 
0.609562 0.348840 -0.711860 19.545860 0.499624 -0.866236 0.003334 1.443551 -0.615476 -0.357695 -0.702313 1300.974426 0.000000 0.000000 0.000000 1.000000 
0.603342 0.359574 -0.711818 19.565190 0.514789 -0.857311 0.003269 1.436583 -0.609074 -0.368408 -0.702356 1300.961775 0.000000 0.000000 0.000000 1.000000 
0.596934 0.370143 -0.711804 19.592254 0.529733 -0.848158 0.003197 1.419899 -0.602539 -0.378974 -0.702371 1300.927963 0.000000 0.000000 0.000000 1.000000 
0.590541 0.380480 -0.711686 19.604728 0.544279 -0.838898 0.003140 1.409397 -0.595837 -0.389210 -0.702491 1300.913339 0.000000 0.000000 0.000000 1.000000 
-0.448870 -0.446707 -0.773931 48.924780 -0.586871 0.800488 -0.121658 2.131008 0.673868 0.399589 -0.621474 1318.219560 0.000000 0.000000 0.000000 1.000000 
-0.439183 -0.457348 -0.773273 49.341154 -0.603243 0.787951 -0.123415 1.953345 0.665745 0.412270 -0.621946 1317.326394 0.000000 0.000000 0.000000 1.000000 
0.569527 0.411295 -0.711671 19.682246 0.587863 -0.808955 0.002930 1.391306 -0.574505 -0.420033 -0.702507 1300.840237 0.000000 0.000000 0.000000 1.000000 
0.562318 0.421162 -0.711632 19.706461 0.601737 -0.798689 0.002797 1.394747 -0.567195 -0.429788 -0.702547 1300.810773 0.000000 0.000000 0.000000 1.000000 
0.555099 0.430813 -0.711523 19.717489 0.615406 -0.788205 0.002869 1.358841 -0.559590 -0.439468 -0.702657 1300.804231 0.000000 0.000000 0.000000 1.000000 
0.547734 0.440193 -0.711489 19.741672 0.628658 -0.777677 0.002824 1.353652 -0.552066 -0.448830 -0.702691 1300.788862 0.000000 0.000000 0.000000 1.000000 
0.541630 0.451285 -0.709210 19.507419 0.641749 -0.766912 0.002107 1.445842 -0.542951 -0.456276 -0.704994 1300.417674 0.000000 0.000000 0.000000 1.000000 
0.531934 0.459294 -0.711404 19.786924 0.655604 -0.755100 0.002706 1.339661 -0.535939 -0.467839 -0.702778 1300.744347 0.000000 0.000000 0.000000 1.000000 
0.523636 0.468784 -0.711369 19.812387 0.669004 -0.743254 0.002656 1.333530 -0.527483 -0.477300 -0.702814 1300.710317 0.000000 0.000000 0.000000 1.000000 
0.515216 0.478122 -0.711303 19.834918 0.682175 -0.731184 0.002632 1.326363 -0.518835 -0.486590 -0.702880 1300.683440 0.000000 0.000000 0.000000 1.000000 
0.506952 0.486926 -0.711269 19.855614 0.694591 -0.719400 0.002573 1.322451 -0.510434 -0.495345 -0.702916 1300.668252 0.000000 0.000000 0.000000 1.000000 
0.498147 0.496027 -0.711201 19.877929 0.707406 -0.706803 0.002529 1.317062 -0.501425 -0.504367 -0.702984 1300.646479 0.000000 0.000000 0.000000 1.000000 
0.489509 0.504626 -0.711150 19.902212 0.719509 -0.694479 0.002466 1.312386 -0.492634 -0.512885 -0.703036 1300.626298 0.000000 0.000000 0.000000 1.000000 
0.480999 0.512796 -0.711112 19.925828 0.731038 -0.682332 0.002435 1.310012 -0.483966 -0.521021 -0.703074 1300.604290 0.000000 0.000000 0.000000 1.000000 
0.471916 0.521215 -0.711077 19.950245 0.742930 -0.669365 0.002416 1.310229 -0.474711 -0.529421 -0.703110 1300.579587 0.000000 0.000000 0.000000 1.000000 
0.463096 0.529121 -0.711037 19.972189 0.754079 -0.656780 0.002384 1.308102 -0.465733 -0.537282 -0.703151 1300.550838 0.000000 0.000000 0.000000 1.000000 
0.453732 0.537244 -0.710982 19.994535 0.765490 -0.643444 0.002307 1.301985 -0.456238 -0.545296 -0.703206 1300.533800 0.000000 0.000000 0.000000 1.000000 
0.444454 0.544968 -0.710965 20.018322 0.776410 -0.630224 0.002288 1.302135 -0.446820 -0.553017 -0.703224 1300.504630 0.000000 0.000000 0.000000 1.000000 
0.435249 0.552438 -0.710894 20.040092 0.786903 -0.617073 0.002256 1.300871 -0.437427 -0.560386 -0.703296 1300.487595 0.000000 0.000000 0.000000 1.000000 
0.425491 0.560072 -0.710828 20.058339 0.797637 -0.603134 0.002237 1.302840 -0.427472 -0.567935 -0.703362 1300.483709 0.000000 0.000000 0.000000 1.000000 
0.415408 0.567627 -0.710800 20.086937 0.808295 -0.588774 0.002207 1.304779 -0.417248 -0.575452 -0.703391 1300.445802 0.000000 0.000000 0.000000 1.000000 
0.405434 0.574858 -0.710747 20.109460 0.818444 -0.574582 0.002142 1.301257 -0.407152 -0.582575 -0.703444 1300.407102 0.000000 0.000000 0.000000 1.000000 
