-0.511319 0.206386 -0.834241 33.560993 0.370079 0.928996 0.003001 15.816680 0.775626 -0.307201 -0.551392 1279.482797 0.000000 0.000000 0.000000 1.000000 
-0.511099 0.206277 -0.834403 33.579562 0.370055 0.929005 0.002993 15.804568 0.775782 -0.307245 -0.551147 1279.458767 0.000000 0.000000 0.000000 1.000000 
-0.512971 0.201347 -0.834458 33.582461 0.361063 0.932536 0.003054 15.819853 0.778777 -0.299726 -0.551063 1279.449118 0.000000 0.000000 0.000000 1.000000 
-0.516437 0.192218 -0.834473 33.578519 0.344411 0.938814 0.003104 15.849664 0.784011 -0.285799 -0.551040 1279.451276 0.000000 0.000000 0.000000 1.000000 
-0.519501 0.183686 -0.834492 33.576583 0.328797 0.944395 0.003190 15.877892 0.788677 -0.272721 -0.551010 1279.458252 0.000000 0.000000 0.000000 1.000000 
-0.522548 0.174844 -0.834490 33.574092 0.312591 0.949882 0.003280 15.904327 0.793240 -0.259140 -0.551014 1279.473935 0.000000 0.000000 0.000000 1.000000 
-0.525608 0.165423 -0.834488 33.567424 0.295342 0.955386 0.003366 15.934127 0.797815 -0.244691 -0.551015 1279.459851 0.000000 0.000000 0.000000 1.000000 
-0.528229 0.156896 -0.834480 33.560265 0.279722 0.960075 0.003445 15.962651 0.801704 -0.231603 -0.551027 1279.470011 0.000000 0.000000 0.000000 1.000000 
-0.530892 0.147477 -0.834508 33.555429 0.262535 0.964916 0.003505 15.996242 0.805747 -0.217227 -0.550984 1279.467852 0.000000 0.000000 0.000000 1.000000 
-0.533281 0.138694 -0.834491 33.547102 0.246416 0.969157 0.003604 16.022281 0.809253 -0.203711 -0.551010 1279.485011 0.000000 0.000000 0.000000 1.000000 
-0.535459 0.130078 -0.834484 33.542367 0.230647 0.973031 0.003676 16.049410 0.812457 -0.190503 -0.551020 1279.508014 0.000000 0.000000 0.000000 1.000000 
-0.537577 0.120809 -0.834515 33.539014 0.213764 0.976878 0.003716 16.084039 0.815669 -0.176392 -0.550972 1279.497172 0.000000 0.000000 0.000000 1.000000 
-0.539564 0.111731 -0.834498 33.532975 0.197074 0.980381 0.003840 16.110600 0.818555 -0.162386 -0.550998 1279.528792 0.000000 0.000000 0.000000 1.000000 
-0.541384 0.102460 -0.834509 33.524327 0.180135 0.983634 0.003907 16.135165 0.821252 -0.148209 -0.550981 1279.531021 0.000000 0.000000 0.000000 1.000000 
-0.543049 0.093485 -0.834481 33.511475 0.163699 0.986502 0.003987 16.163210 0.823590 -0.134439 -0.551023 1279.536658 0.000000 0.000000 0.000000 1.000000 
-0.544563 0.084055 -0.834497 33.506375 0.146480 0.989205 0.004051 16.191708 0.825830 -0.120031 -0.550997 1279.569862 0.000000 0.000000 0.000000 1.000000 
-0.545965 0.074450 -0.834493 33.497367 0.128925 0.991646 0.004121 16.219153 0.827829 -0.105337 -0.551002 1279.584249 0.000000 0.000000 0.000000 1.000000 
-0.547062 0.065546 -0.834522 33.492142 0.112646 0.993626 0.004198 16.242274 0.829478 -0.091709 -0.550959 1279.576749 0.000000 0.000000 0.000000 1.000000 
-0.547948 0.056253 -0.834619 33.448890 0.094720 0.995492 0.004909 16.147992 0.831132 -0.076366 -0.550806 1279.320224 0.000000 0.000000 0.000000 1.000000 
-0.548994 0.046922 -0.834508 33.472700 0.078553 0.996900 0.004376 16.298611 0.832127 -0.063151 -0.550978 1279.602954 0.000000 0.000000 0.000000 1.000000 
-0.549678 0.037465 -0.834536 33.446484 0.060962 0.998129 0.004656 16.286960 0.833150 -0.048315 -0.550933 1279.522866 0.000000 0.000000 0.000000 1.000000 
-0.550284 0.027889 -0.834512 33.447004 0.043670 0.999035 0.004591 16.343151 0.833835 -0.033917 -0.550971 1279.624315 0.000000 0.000000 0.000000 1.000000 
-0.550723 0.018648 -0.834480 33.431939 0.026810 0.999630 0.004645 16.375023 0.834258 -0.019814 -0.551019 1279.647687 0.000000 0.000000 0.000000 1.000000 
-0.550892 0.009165 -0.834526 33.429479 0.009523 0.999944 0.004696 16.408656 0.834522 -0.005360 -0.550948 1279.667596 0.000000 0.000000 0.000000 1.000000 
-0.550918 -0.000510 -0.834559 33.423060 -0.008265 0.999954 0.004844 16.429355 0.834519 0.009566 -0.550897 1279.696047 0.000000 0.000000 0.000000 1.000000 
-0.550861 -0.009620 -0.834542 33.404245 -0.024866 0.999679 0.004890 16.453116 0.834227 0.023445 -0.550923 1279.696681 0.000000 0.000000 0.000000 1.000000 
-0.550629 -0.019406 -0.834524 33.387972 -0.042753 0.999073 0.004977 16.477553 0.833654 0.038419 -0.550949 1279.708884 0.000000 0.000000 0.000000 1.000000 
-0.550182 -0.028583 -0.834555 33.383999 -0.059527 0.998214 0.005055 16.504047 0.832920 0.052459 -0.550901 1279.736823 0.000000 0.000000 0.000000 1.000000 
-0.549633 -0.037920 -0.834545 33.364238 -0.076575 0.997051 0.005129 16.525980 0.831889 0.066725 -0.550916 1279.740870 0.000000 0.000000 0.000000 1.000000 
-0.548874 -0.047314 -0.834565 33.354582 -0.093752 0.995582 0.005216 16.550246 0.830631 0.081105 -0.550885 1279.763234 0.000000 0.000000 0.000000 1.000000 
-0.547980 -0.056762 -0.834563 33.340925 -0.111004 0.993806 0.005293 16.573380 0.829094 0.095540 -0.550887 1279.778719 0.000000 0.000000 0.000000 1.000000 
-0.546726 -0.067322 -0.834601 33.331477 -0.130264 0.991465 0.005357 16.600678 0.827117 0.111647 -0.550830 1279.821330 0.000000 0.000000 0.000000 1.000000 
-0.545580 -0.075880 -0.834617 33.321115 -0.145887 0.989286 0.005422 16.622116 0.825263 0.124718 -0.550804 1279.828732 0.000000 0.000000 0.000000 1.000000 
-0.544135 -0.085407 -0.834639 33.312173 -0.163305 0.986560 0.005513 16.647387 0.822951 0.139301 -0.550769 1279.856001 0.000000 0.000000 0.000000 1.000000 
-0.542571 -0.094694 -0.834656 33.296523 -0.180270 0.983601 0.005593 16.668228 0.820439 0.153498 -0.550744 1279.853730 0.000000 0.000000 0.000000 1.000000 
-0.540835 -0.103995 -0.834675 33.286505 -0.197254 0.980336 0.005670 16.691098 0.817672 0.167709 -0.550713 1279.888704 0.000000 0.000000 0.000000 1.000000 
-0.538828 -0.113774 -0.834698 33.264457 -0.215049 0.976587 0.005707 16.709091 0.814505 0.182576 -0.550679 1279.887357 0.000000 0.000000 0.000000 1.000000 
-0.536944 -0.122409 -0.834690 33.255528 -0.230885 0.972964 0.005838 16.730269 0.811408 0.195852 -0.550689 1279.933177 0.000000 0.000000 0.000000 1.000000 
-0.534661 -0.131863 -0.834715 33.243410 -0.248147 0.968704 0.005917 16.750346 0.807812 0.210296 -0.550650 1279.948690 0.000000 0.000000 0.000000 1.000000 
-0.532324 -0.140886 -0.834735 33.228802 -0.264611 0.964337 0.005986 16.768848 0.804122 0.224066 -0.550619 1279.973353 0.000000 0.000000 0.000000 1.000000 
-0.529787 -0.150065 -0.834749 33.214965 -0.281351 0.959586 0.006057 16.789826 0.800104 0.238067 -0.550597 1279.984406 0.000000 0.000000 0.000000 1.000000 
-0.527048 -0.159427 -0.834748 33.194105 -0.298442 0.954408 0.006151 16.807796 0.795709 0.252365 -0.550598 1280.000981 0.000000 0.000000 0.000000 1.000000 
-0.524193 -0.168377 -0.834788 33.183499 -0.314799 0.949138 0.006232 16.825995 0.791280 0.266057 -0.550536 1280.035610 0.000000 0.000000 0.000000 1.000000 
-0.521073 -0.177633 -0.834823 33.170010 -0.331687 0.943368 0.006301 16.844037 0.786426 0.280183 -0.550483 1280.057777 0.000000 0.000000 0.000000 1.000000 
-0.517910 -0.186597 -0.834836 33.152697 -0.348027 0.937463 0.006371 16.864052 0.781439 0.293845 -0.550462 1280.070359 0.000000 0.000000 0.000000 1.000000 
-0.514645 -0.195294 -0.834866 33.139229 -0.363896 0.931417 0.006441 16.878103 0.776351 0.307119 -0.550416 1280.090581 0.000000 0.000000 0.000000 1.000000 
-0.511170 -0.204192 -0.834872 33.122149 -0.380120 0.924914 0.006522 16.894492 0.770853 0.320685 -0.550406 1280.125140 0.000000 0.000000 0.000000 1.000000 
-0.507674 -0.212605 -0.834905 33.110729 -0.395459 0.918460 0.006582 16.908855 0.765428 0.333512 -0.550355 1280.151879 0.000000 0.000000 0.000000 1.000000 
-0.503927 -0.221280 -0.834921 33.093201 -0.411287 0.911481 0.006667 16.925051 0.759539 0.346752 -0.550330 1280.176878 0.000000 0.000000 0.000000 1.000000 
-0.499995 -0.229909 -0.834953 33.081025 -0.426996 0.904229 0.006714 16.944131 0.753445 0.359879 -0.550280 1280.206419 0.000000 0.000000 0.000000 1.000000 
-0.495952 -0.238373 -0.834991 33.064610 -0.442431 0.896777 0.006775 16.953143 0.747186 0.372786 -0.550222 1280.209847 0.000000 0.000000 0.000000 1.000000 
-0.491662 -0.247028 -0.835012 33.051026 -0.458198 0.888824 0.006844 16.969775 0.740488 0.385966 -0.550189 1280.252513 0.000000 0.000000 0.000000 1.000000 
-0.487329 -0.255353 -0.835048 33.036028 -0.473388 0.880827 0.006914 16.979443 0.733767 0.398671 -0.550134 1280.278313 0.000000 0.000000 0.000000 1.000000 
-0.482884 -0.263607 -0.835065 33.020708 -0.488408 0.872587 0.006975 16.994484 0.726829 0.411221 -0.550107 1280.315082 0.000000 0.000000 0.000000 1.000000 
-0.478061 -0.272118 -0.835111 33.005054 -0.503925 0.863719 0.007033 17.004593 0.719387 0.424195 -0.550037 1280.329121 0.000000 0.000000 0.000000 1.000000 
-0.473540 -0.279827 -0.835139 32.990945 -0.517940 0.855388 0.007070 17.018401 0.712389 0.435900 -0.549994 1280.359876 0.000000 0.000000 0.000000 1.000000 
-0.468557 -0.288122 -0.835129 32.966444 -0.533022 0.846071 0.007160 17.025137 0.704516 0.448497 -0.550008 1280.376916 0.000000 0.000000 0.000000 1.000000 
-0.463587 -0.295917 -0.835177 32.953293 -0.547212 0.836963 0.007195 17.039934 0.696883 0.460355 -0.549934 1280.394323 0.000000 0.000000 0.000000 1.000000 
-0.458188 -0.304100 -0.835217 32.936142 -0.562126 0.827020 0.007259 17.052703 0.688534 0.472823 -0.549873 1280.407872 0.000000 0.000000 0.000000 1.000000 
-0.452780 -0.312078 -0.835223 32.918823 -0.576636 0.816968 0.007341 17.061093 0.680059 0.484944 -0.549863 1280.465040 0.000000 0.000000 0.000000 1.000000 
-0.447089 -0.320057 -0.835269 32.904094 -0.591176 0.806509 0.007399 17.072380 0.671284 0.497099 -0.549791 1280.490054 0.000000 0.000000 0.000000 1.000000 
-0.441270 -0.327944 -0.835304 32.886145 -0.605538 0.795781 0.007463 17.077576 0.662272 0.509102 -0.549737 1280.510560 0.000000 0.000000 0.000000 1.000000 
-0.435580 -0.335429 -0.835319 32.865377 -0.619112 0.785267 0.007508 17.087185 0.653430 0.520427 -0.549714 1280.545877 0.000000 0.000000 0.000000 1.000000 
-0.429264 -0.343379 -0.835358 32.847134 -0.633619 0.773608 0.007600 17.091598 0.643630 0.532561 -0.549653 1280.562719 0.000000 0.000000 0.000000 1.000000 
-0.423288 -0.350649 -0.835388 32.829693 -0.646830 0.762596 0.007651 17.102627 0.634381 0.543592 -0.549608 1280.586026 0.000000 0.000000 0.000000 1.000000 
-0.417296 -0.357748 -0.835392 32.809235 -0.659680 0.751507 0.007699 17.105599 0.625049 0.554304 -0.549601 1280.610752 0.000000 0.000000 0.000000 1.000000 
-0.410764 -0.365140 -0.835432 32.793871 -0.673121 0.739491 0.007752 17.114101 0.614964 0.565531 -0.549540 1280.648265 0.000000 0.000000 0.000000 1.000000 
-0.404526 -0.371949 -0.835472 32.777496 -0.685512 0.728019 0.007805 17.116587 0.605336 0.575884 -0.549478 1280.665497 0.000000 0.000000 0.000000 1.000000 
-0.397893 -0.378937 -0.835517 32.759559 -0.698239 0.715822 0.007867 17.126663 0.595100 0.586520 -0.549409 1280.685918 0.000000 0.000000 0.000000 1.000000 
-0.391101 -0.385848 -0.835560 32.743411 -0.710835 0.703314 0.007942 17.127163 0.584597 0.597051 -0.549342 1280.717987 0.000000 0.000000 0.000000 1.000000 
-0.384645 -0.392237 -0.835583 32.726670 -0.722401 0.691428 0.007975 17.129445 0.574617 0.606693 -0.549307 1280.745561 0.000000 0.000000 0.000000 1.000000 
-0.377435 -0.399084 -0.835628 32.708065 -0.734843 0.678189 0.008020 17.137513 0.563514 0.617083 -0.549237 1280.771390 0.000000 0.000000 0.000000 1.000000 
-0.370695 -0.405305 -0.835651 32.691281 -0.746114 0.665769 0.008067 17.139660 0.553081 0.626482 -0.549201 1280.809745 0.000000 0.000000 0.000000 1.000000 
-0.363297 -0.411819 -0.835716 32.675810 -0.757999 0.652206 0.008122 17.141834 0.541714 0.636422 -0.549103 1280.817397 0.000000 0.000000 0.000000 1.000000 
-0.356194 -0.417971 -0.835719 32.655552 -0.769070 0.639113 0.008145 17.142146 0.530714 0.645628 -0.549097 1280.870632 0.000000 0.000000 0.000000 1.000000 
-0.349077 -0.423875 -0.835748 32.635443 -0.779765 0.626019 0.008189 17.138673 0.519724 0.654546 -0.549051 1280.893549 0.000000 0.000000 0.000000 1.000000 
-0.341247 -0.430142 -0.835780 32.615412 -0.791113 0.611615 0.008237 17.140362 0.507632 0.664007 -0.549002 1280.925715 0.000000 0.000000 0.000000 1.000000 
-0.333868 -0.435826 -0.835816 32.599060 -0.801418 0.598048 0.008283 17.138869 0.496248 0.672603 -0.548947 1280.948231 0.000000 0.000000 0.000000 1.000000 
-0.326605 -0.441199 -0.835866 32.581497 -0.811215 0.584688 0.008355 17.136939 0.485035 0.680796 -0.548869 1280.957169 0.000000 0.000000 0.000000 1.000000 
-0.318831 -0.446765 -0.835911 32.566291 -0.821284 0.570459 0.008362 17.139783 0.473117 0.689186 -0.548801 1280.986209 0.000000 0.000000 0.000000 1.000000 
-0.311138 -0.452139 -0.835921 32.544016 -0.830962 0.556265 0.008416 17.136846 0.461188 0.697237 -0.548786 1281.023804 0.000000 0.000000 0.000000 1.000000 
-0.302483 -0.457851 -0.835988 32.527387 -0.841342 0.540438 0.008435 17.136444 0.447938 0.705903 -0.548682 1281.049103 0.000000 0.000000 0.000000 1.000000 
-0.294639 -0.462882 -0.836019 32.511004 -0.850441 0.526002 0.008488 17.131348 0.435819 0.713486 -0.548634 1281.082829 0.000000 0.000000 0.000000 1.000000 
-0.286514 -0.467883 -0.836059 32.491579 -0.859497 0.511069 0.008537 17.124561 0.423290 0.721037 -0.548573 1281.096220 0.000000 0.000000 0.000000 1.000000 
-0.278205 -0.472826 -0.836085 32.469986 -0.868424 0.495748 0.008609 17.117476 0.410417 0.728471 -0.548533 1281.137501 0.000000 0.000000 0.000000 1.000000 
-0.269756 -0.477645 -0.836114 32.450467 -0.877093 0.480244 0.008629 17.115662 0.397417 0.735677 -0.548488 1281.147761 0.000000 0.000000 0.000000 1.000000 
-0.261060 -0.482415 -0.836136 32.430277 -0.885628 0.464315 0.008623 17.114732 0.384071 0.742757 -0.548454 1281.193697 0.000000 0.000000 0.000000 1.000000 
-0.253403 -0.486340 -0.836218 32.421802 -0.892836 0.450298 0.008669 17.109688 0.372331 0.748802 -0.548329 1281.211582 0.000000 0.000000 0.000000 1.000000 
-0.244723 -0.490752 -0.836226 32.392881 -0.900696 0.434362 0.008678 17.101403 0.358966 0.755309 -0.548316 1281.230183 0.000000 0.000000 0.000000 1.000000 
-0.235816 -0.494967 -0.836300 32.383835 -0.908370 0.418077 0.008698 17.095712 0.345333 0.761721 -0.548203 1281.259678 0.000000 0.000000 0.000000 1.000000 
-0.227649 -0.498665 -0.836367 32.370646 -0.915098 0.403137 0.008718 17.089854 0.332823 0.767342 -0.548101 1281.279336 0.000000 0.000000 0.000000 1.000000 
-0.218589 -0.502654 -0.836396 32.350158 -0.922259 0.386473 0.008767 17.079903 0.318838 0.773290 -0.548056 1281.313425 0.000000 0.000000 0.000000 1.000000 
-0.209744 -0.506247 -0.836494 32.345762 -0.928811 0.370451 0.008694 17.077208 0.305479 0.778768 -0.547907 1281.357606 0.000000 0.000000 0.000000 1.000000 
-0.200612 -0.509880 -0.836527 32.327297 -0.935326 0.353679 0.008731 17.067760 0.291410 0.784177 -0.547856 1281.392324 0.000000 0.000000 0.000000 1.000000 
-0.191760 -0.513198 -0.836574 32.309893 -0.941306 0.337441 0.008763 17.056277 0.277798 0.789152 -0.547784 1281.415929 0.000000 0.000000 0.000000 1.000000 
-0.182612 -0.516432 -0.836630 32.291910 -0.947150 0.320669 0.008794 17.046227 0.263740 0.794021 -0.547697 1281.433280 0.000000 0.000000 0.000000 1.000000 
-0.173050 -0.519629 -0.836684 32.276238 -0.952888 0.303196 0.008782 17.033496 0.249116 0.798785 -0.547616 1281.475653 0.000000 0.000000 0.000000 1.000000 
-0.164670 -0.522268 -0.836732 32.261572 -0.957628 0.287876 0.008777 17.027314 0.236291 0.802723 -0.547543 1281.495774 0.000000 0.000000 0.000000 1.000000 
-0.155350 -0.525037 -0.836781 32.243594 -0.962604 0.270770 0.008815 17.010177 0.221948 0.806858 -0.547467 1281.514278 0.000000 0.000000 0.000000 1.000000 
-0.145937 -0.527656 -0.836828 32.226684 -0.967289 0.253523 0.008831 16.998568 0.207496 0.810743 -0.547394 1281.542867 0.000000 0.000000 0.000000 1.000000 
-0.137021 -0.529953 -0.836884 32.214568 -0.971413 0.237232 0.008822 16.990747 0.193860 0.814169 -0.547309 1281.570024 0.000000 0.000000 0.000000 1.000000 
-0.127092 -0.532357 -0.836925 32.194986 -0.975673 0.219053 0.008825 16.976020 0.178633 0.817687 -0.547246 1281.608288 0.000000 0.000000 0.000000 1.000000 
-0.117879 -0.534387 -0.836980 32.179394 -0.979306 0.202192 0.008831 16.957495 0.164511 0.820701 -0.547162 1281.635327 0.000000 0.000000 0.000000 1.000000 
-0.108412 -0.536293 -0.837041 32.164223 -0.982726 0.184853 0.008846 16.944419 0.149985 0.823541 -0.547069 1281.643456 0.000000 0.000000 0.000000 1.000000 
-0.098688 -0.538104 -0.837081 32.147645 -0.985903 0.167086 0.008825 16.931548 0.135116 0.826152 -0.547007 1281.680818 0.000000 0.000000 0.000000 1.000000 
-0.089249 -0.539684 -0.837123 32.132221 -0.988678 0.149789 0.008840 16.913894 0.120621 0.828435 -0.546943 1281.700574 0.000000 0.000000 0.000000 1.000000 
-0.079501 -0.541146 -0.837162 32.113472 -0.991219 0.131932 0.008849 16.896647 0.105659 0.830515 -0.546883 1281.733696 0.000000 0.000000 0.000000 1.000000 
-0.070496 -0.542292 -0.837228 32.100202 -0.993269 0.115491 0.008829 16.880142 0.091904 0.832215 -0.546783 1281.736578 0.000000 0.000000 0.000000 1.000000 
-0.061028 -0.543377 -0.837267 32.085250 -0.995131 0.098170 0.008823 16.860717 0.077400 0.833729 -0.546723 1281.765325 0.000000 0.000000 0.000000 1.000000 
-0.051835 -0.544298 -0.837289 32.068015 -0.996649 0.081321 0.008837 16.838862 0.063280 0.834941 -0.546689 1281.791907 0.000000 0.000000 0.000000 1.000000 
-0.042592 -0.545025 -0.837337 32.050728 -0.997884 0.064409 0.008835 16.824389 0.049117 0.835942 -0.546615 1281.808018 0.000000 0.000000 0.000000 1.000000 
-0.032790 -0.545608 -0.837399 32.039861 -0.998879 0.046510 0.008809 16.806213 0.034141 0.836749 -0.546521 1281.830383 0.000000 0.000000 0.000000 1.000000 
-0.023396 -0.545999 -0.837459 32.025387 -0.999530 0.029361 0.008781 16.790319 0.019794 0.837271 -0.546429 1281.859018 0.000000 0.000000 0.000000 1.000000 
-0.014062 -0.546244 -0.837508 32.014150 -0.999886 0.012351 0.008733 16.769557 0.005573 0.837535 -0.546355 1281.884822 0.000000 0.000000 0.000000 1.000000 
-0.004349 -0.546362 -0.837538 31.996992 -0.999947 -0.005430 0.008735 16.746572 -0.009320 0.837531 -0.546310 1281.910371 0.000000 0.000000 0.000000 1.000000 
0.005032 -0.546290 -0.837581 31.983723 -0.999705 -0.022635 0.008757 16.722287 -0.023743 0.837290 -0.546243 1281.930023 0.000000 0.000000 0.000000 1.000000 
0.014737 -0.546029 -0.837636 31.974034 -0.999148 -0.040333 0.008713 16.704464 -0.038542 0.836795 -0.546159 1281.964055 0.000000 0.000000 0.000000 1.000000 
0.024463 -0.545620 -0.837675 31.954739 -0.998272 -0.058118 0.008702 16.682009 -0.053432 0.836015 -0.546099 1281.976787 0.000000 0.000000 0.000000 1.000000 
0.034101 -0.545026 -0.837725 31.944575 -0.997088 -0.075765 0.008705 16.656923 -0.068215 0.834989 -0.546022 1281.997861 0.000000 0.000000 0.000000 1.000000 
0.043706 -0.544266 -0.837773 31.931489 -0.995600 -0.093302 0.008675 16.636125 -0.082887 0.833708 -0.545950 1282.015832 0.000000 0.000000 0.000000 1.000000 
0.053471 -0.543322 -0.837820 31.916422 -0.993770 -0.111118 0.008635 16.613654 -0.097788 0.832138 -0.545878 1282.038013 0.000000 0.000000 0.000000 1.000000 
0.062890 -0.542259 -0.837854 31.902517 -0.991695 -0.128321 0.008612 16.589469 -0.112184 0.830355 -0.545826 1282.054508 0.000000 0.000000 0.000000 1.000000 
0.072261 -0.541007 -0.837908 31.893528 -0.989334 -0.145411 0.008567 16.571533 -0.126476 0.828352 -0.545744 1282.079453 0.000000 0.000000 0.000000 1.000000 
0.081576 -0.539619 -0.837948 31.881127 -0.986682 -0.162437 0.008550 16.544471 -0.140727 0.826091 -0.545683 1282.109761 0.000000 0.000000 0.000000 1.000000 
0.091138 -0.538018 -0.837992 31.869445 -0.983652 -0.179877 0.008507 16.524693 -0.155312 0.823517 -0.545616 1282.122778 0.000000 0.000000 0.000000 1.000000 
0.100819 -0.536236 -0.838025 31.854631 -0.980249 -0.197584 0.008501 16.491972 -0.170139 0.820616 -0.545565 1282.139327 0.000000 0.000000 0.000000 1.000000 
0.110184 -0.534328 -0.838065 31.841843 -0.976650 -0.214670 0.008464 16.470418 -0.184430 0.817564 -0.545505 1282.152259 0.000000 0.000000 0.000000 1.000000 
0.119494 -0.532222 -0.838130 31.834457 -0.972759 -0.231665 0.008421 16.443629 -0.198647 0.814292 -0.545406 1282.178839 0.000000 0.000000 0.000000 1.000000 
0.128884 -0.529948 -0.838179 31.822199 -0.968517 -0.248807 0.008385 16.419718 -0.212989 0.810709 -0.545331 1282.183073 0.000000 0.000000 0.000000 1.000000 
0.138166 -0.527549 -0.838214 31.812237 -0.964005 -0.265751 0.008356 16.392712 -0.227165 0.806888 -0.545277 1282.205447 0.000000 0.000000 0.000000 1.000000 
0.147678 -0.524900 -0.838255 31.800425 -0.959051 -0.283110 0.008319 16.364539 -0.241685 0.802701 -0.545215 1282.221755 0.000000 0.000000 0.000000 1.000000 
0.156841 -0.522158 -0.838303 31.792015 -0.953965 -0.299805 0.008261 16.340627 -0.255641 0.798416 -0.545142 1282.248534 0.000000 0.000000 0.000000 1.000000 
0.165567 -0.519402 -0.838337 31.776854 -0.948816 -0.315721 0.008223 16.313937 -0.268952 0.794066 -0.545091 1282.227859 0.000000 0.000000 0.000000 1.000000 
0.174764 -0.516297 -0.838388 31.772887 -0.943066 -0.332506 0.008180 16.287111 -0.282993 0.789225 -0.545012 1282.253254 0.000000 0.000000 0.000000 1.000000 
0.183549 -0.513189 -0.838419 31.759442 -0.937270 -0.348510 0.008131 16.261377 -0.296370 0.784333 -0.544965 1282.275322 0.000000 0.000000 0.000000 1.000000 
0.192541 -0.509731 -0.838512 31.737091 -0.931138 -0.364584 0.007821 16.282555 -0.309694 0.779264 -0.544827 1282.160525 0.000000 0.000000 0.000000 1.000000 
0.201588 -0.506248 -0.838496 31.737534 -0.924378 -0.381393 0.008034 16.203359 -0.323864 0.773468 -0.544849 1282.283120 0.000000 0.000000 0.000000 1.000000 
0.210294 -0.502610 -0.838546 31.733155 -0.917652 -0.397305 0.008005 16.171775 -0.337182 0.767810 -0.544772 1282.316291 0.000000 0.000000 0.000000 1.000000 
0.219416 -0.498590 -0.838609 31.707854 -0.910428 -0.413596 0.007694 16.190744 -0.350682 0.761805 -0.544680 1282.217880 0.000000 0.000000 0.000000 1.000000 
0.228149 -0.494512 -0.838693 31.690783 -0.903136 -0.429290 0.007439 16.200180 -0.363721 0.755757 -0.544554 1282.148883 0.000000 0.000000 0.000000 1.000000 
0.236549 -0.490628 -0.838647 31.705920 -0.895415 -0.445162 0.007870 16.084746 -0.377195 0.749076 -0.544618 1282.361319 0.000000 0.000000 0.000000 1.000000 
0.245183 -0.486266 -0.838708 31.699114 -0.887410 -0.460916 0.007810 16.054374 -0.390371 0.742362 -0.544526 1282.351800 0.000000 0.000000 0.000000 1.000000 
0.253461 -0.481995 -0.838712 31.682988 -0.879405 -0.476011 0.007797 16.027422 -0.402994 0.735591 -0.544519 1282.356501 0.000000 0.000000 0.000000 1.000000 
0.261821 -0.477441 -0.838749 31.677050 -0.870991 -0.491238 0.007742 15.993000 -0.415721 0.728516 -0.544463 1282.378969 0.000000 0.000000 0.000000 1.000000 
0.270173 -0.472687 -0.838793 31.672323 -0.862240 -0.506441 0.007671 15.965644 -0.428426 0.721168 -0.544397 1282.393236 0.000000 0.000000 0.000000 1.000000 
0.278084 -0.467941 -0.838869 31.657733 -0.853718 -0.520683 0.007443 15.971952 -0.440268 0.714087 -0.544283 1282.310260 0.000000 0.000000 0.000000 1.000000 
0.286363 -0.462768 -0.838953 31.638096 -0.844433 -0.535612 0.007210 15.976922 -0.452690 0.706375 -0.544156 1282.198784 0.000000 0.000000 0.000000 1.000000 
0.294355 -0.457586 -0.839029 31.626520 -0.835209 -0.549890 0.006882 15.987792 -0.464523 0.698739 -0.544043 1282.147234 0.000000 0.000000 0.000000 1.000000 
0.302385 -0.452440 -0.838964 31.652100 -0.824956 -0.565148 0.007439 15.845515 -0.477504 0.689859 -0.544136 1282.422955 0.000000 0.000000 0.000000 1.000000 
0.310431 -0.446895 -0.838998 31.643180 -0.814765 -0.579745 0.007338 15.818739 -0.489684 0.681308 -0.544085 1282.418139 0.000000 0.000000 0.000000 1.000000 
0.318111 -0.441379 -0.839041 31.643822 -0.804600 -0.593773 0.007302 15.787172 -0.501423 0.672769 -0.544019 1282.436463 0.000000 0.000000 0.000000 1.000000 
0.325768 -0.435705 -0.839069 31.638209 -0.794132 -0.607702 0.007242 15.751678 -0.513059 0.663972 -0.543977 1282.440247 0.000000 0.000000 0.000000 1.000000 
0.333350 -0.429939 -0.839065 31.629125 -0.783413 -0.621460 0.007197 15.718534 -0.524540 0.654935 -0.543984 1282.465506 0.000000 0.000000 0.000000 1.000000 
0.340483 -0.424241 -0.839101 31.624883 -0.772957 -0.634418 0.007112 15.687017 -0.535358 0.646168 -0.543929 1282.461528 0.000000 0.000000 0.000000 1.000000 
0.347629 -0.418357 -0.839126 31.620128 -0.762102 -0.647419 0.007059 15.656959 -0.546219 0.637045 -0.543892 1282.470143 0.000000 0.000000 0.000000 1.000000 
0.354877 -0.412212 -0.839133 31.614092 -0.750745 -0.660555 0.006991 15.622958 -0.557175 0.627494 -0.543882 1282.479513 0.000000 0.000000 0.000000 1.000000 
0.362009 -0.405964 -0.839132 31.620953 -0.738781 -0.673906 0.007313 15.528883 -0.568465 0.617288 -0.543878 1282.559093 0.000000 0.000000 0.000000 1.000000 
0.368956 -0.399536 -0.839192 31.606670 -0.727427 -0.686151 0.006856 15.559665 -0.578551 0.607921 -0.543793 1282.489173 0.000000 0.000000 0.000000 1.000000 
0.375851 -0.392985 -0.839225 31.608040 -0.715384 -0.698698 0.006792 15.528766 -0.589035 0.597816 -0.543741 1282.493546 0.000000 0.000000 0.000000 1.000000 
0.382600 -0.386357 -0.839253 31.601976 -0.703183 -0.710977 0.006736 15.496364 -0.599292 0.587572 -0.543699 1282.475864 0.000000 0.000000 0.000000 1.000000 
0.389312 -0.379595 -0.839252 31.599323 -0.690680 -0.723130 0.006680 15.460806 -0.609424 0.577053 -0.543702 1282.493493 0.000000 0.000000 0.000000 1.000000 
0.395930 -0.372636 -0.839275 31.596477 -0.677870 -0.735152 0.006619 15.424494 -0.619461 0.566298 -0.543667 1282.496782 0.000000 0.000000 0.000000 1.000000 
0.402379 -0.365610 -0.839297 31.590140 -0.664982 -0.746831 0.006522 15.395714 -0.629198 0.555493 -0.543634 1282.482023 0.000000 0.000000 0.000000 1.000000 
0.408855 -0.358273 -0.839332 31.594591 -0.651514 -0.758609 0.006451 15.363303 -0.639036 0.544199 -0.543581 1282.494487 0.000000 0.000000 0.000000 1.000000 
0.415088 -0.350964 -0.839361 31.597217 -0.638088 -0.769937 0.006383 15.331144 -0.648495 0.532937 -0.543537 1282.507119 0.000000 0.000000 0.000000 1.000000 
0.421129 -0.343634 -0.839384 31.597751 -0.624620 -0.780903 0.006313 15.296833 -0.657647 0.521638 -0.543502 1282.510344 0.000000 0.000000 0.000000 1.000000 
0.426938 -0.336356 -0.839398 31.593250 -0.611240 -0.791421 0.006240 15.266701 -0.666416 0.510409 -0.543482 1282.496350 0.000000 0.000000 0.000000 1.000000 
0.432683 -0.328854 -0.839429 31.597990 -0.597509 -0.801839 0.006142 15.235000 -0.675106 0.498909 -0.543435 1282.502794 0.000000 0.000000 0.000000 1.000000 
0.438563 -0.320992 -0.839420 31.590445 -0.582978 -0.812465 0.006102 15.196552 -0.683958 0.486687 -0.543449 1282.491394 0.000000 0.000000 0.000000 1.000000 
0.444041 -0.313255 -0.839463 31.598557 -0.568885 -0.822396 0.005970 15.173271 -0.692241 0.474907 -0.543383 1282.512537 0.000000 0.000000 0.000000 1.000000 
0.449597 -0.305251 -0.839455 31.595880 -0.554092 -0.832435 0.005937 15.134118 -0.700604 0.462465 -0.543397 1282.502648 0.000000 0.000000 0.000000 1.000000 
0.454972 -0.297154 -0.839464 31.594300 -0.539174 -0.842174 0.005892 15.098814 -0.708726 0.449936 -0.543383 1282.495959 0.000000 0.000000 0.000000 1.000000 
0.460047 -0.289207 -0.839474 31.596290 -0.524611 -0.851323 0.005793 15.065301 -0.716338 0.437731 -0.543370 1282.500706 0.000000 0.000000 0.000000 1.000000 
0.465211 -0.280741 -0.839502 31.597019 -0.509142 -0.860664 0.005676 15.034339 -0.724122 0.424786 -0.543327 1282.480056 0.000000 0.000000 0.000000 1.000000 
0.470037 -0.272538 -0.839517 31.603903 -0.494107 -0.869383 0.005588 15.002978 -0.731385 0.412185 -0.543305 1282.499410 0.000000 0.000000 0.000000 1.000000 
0.474705 -0.264288 -0.839528 31.605166 -0.478912 -0.877846 0.005554 14.966622 -0.738444 0.399423 -0.543288 1282.484890 0.000000 0.000000 0.000000 1.000000 
0.479398 -0.255698 -0.839521 31.607044 -0.463103 -0.886287 0.005492 14.934804 -0.745462 0.386152 -0.543299 1282.493042 0.000000 0.000000 0.000000 1.000000 
0.483785 -0.247248 -0.839536 31.610280 -0.447619 -0.894208 0.005408 14.904958 -0.752057 0.373176 -0.543277 1282.477941 0.000000 0.000000 0.000000 1.000000 
0.488142 -0.238471 -0.839553 31.613806 -0.431529 -0.902083 0.005328 14.869184 -0.758617 0.359690 -0.543252 1282.468549 0.000000 0.000000 0.000000 1.000000 
0.492345 -0.229656 -0.839556 31.620379 -0.415351 -0.909646 0.005253 14.838027 -0.764905 0.346124 -0.543248 1282.475191 0.000000 0.000000 0.000000 1.000000 
0.496211 -0.221160 -0.839561 31.622742 -0.399775 -0.916599 0.005172 14.805410 -0.770685 0.333069 -0.543240 1282.459803 0.000000 0.000000 0.000000 1.000000 
0.500115 -0.212164 -0.839566 31.628602 -0.383261 -0.923626 0.005105 14.774528 -0.776528 0.319220 -0.543233 1282.454794 0.000000 0.000000 0.000000 1.000000 
0.503814 -0.203246 -0.839561 31.630629 -0.366920 -0.930239 0.005012 14.743681 -0.782011 0.305527 -0.543242 1282.443471 0.000000 0.000000 0.000000 1.000000 
0.507207 -0.194579 -0.839572 31.636175 -0.351036 -0.936349 0.004938 14.710009 -0.787093 0.292215 -0.543226 1282.437989 0.000000 0.000000 0.000000 1.000000 
0.510600 -0.185478 -0.839574 31.641636 -0.334337 -0.942441 0.004871 14.675175 -0.792153 0.278213 -0.543223 1282.422675 0.000000 0.000000 0.000000 1.000000 
0.513600 -0.177048 -0.839565 31.644798 -0.318898 -0.947777 0.004784 14.643627 -0.796567 0.265278 -0.543239 1282.416877 0.000000 0.000000 0.000000 1.000000 
0.516602 -0.168094 -0.839563 31.643020 -0.302632 -0.953096 0.004610 14.635039 -0.800960 0.251697 -0.543242 1282.368821 0.000000 0.000000 0.000000 1.000000 
0.519385 -0.159090 -0.839601 31.647717 -0.286271 -0.958138 0.004460 14.615948 -0.805163 0.238037 -0.543186 1282.321365 0.000000 0.000000 0.000000 1.000000 
0.522051 -0.150018 -0.839617 31.653316 -0.269798 -0.962907 0.004293 14.602446 -0.809118 0.224285 -0.543161 1282.291408 0.000000 0.000000 0.000000 1.000000 
0.524708 -0.140638 -0.839585 31.672888 -0.252240 -0.967655 0.004451 14.529137 -0.813054 0.209441 -0.543210 1282.380043 0.000000 0.000000 0.000000 1.000000 
0.527155 -0.131182 -0.839583 31.678986 -0.234895 -0.972011 0.004388 14.495667 -0.816659 0.194900 -0.543214 1282.367188 0.000000 0.000000 0.000000 1.000000 
0.529355 -0.121889 -0.839599 31.686810 -0.217914 -0.975959 0.004294 14.466287 -0.819937 0.180688 -0.543190 1282.346007 0.000000 0.000000 0.000000 1.000000 
0.531377 -0.112778 -0.839595 31.689894 -0.201200 -0.979541 0.004238 14.435618 -0.822896 0.166675 -0.543196 1282.310961 0.000000 0.000000 0.000000 1.000000 
0.533322 -0.103429 -0.839565 31.697434 -0.184093 -0.982900 0.004144 14.410629 -0.825638 0.152348 -0.543243 1282.322830 0.000000 0.000000 0.000000 1.000000 
0.535021 -0.094125 -0.839579 31.704819 -0.167041 -0.985941 0.004087 14.380940 -0.828160 0.138058 -0.543223 1282.298626 0.000000 0.000000 0.000000 1.000000 
0.536595 -0.084662 -0.839582 31.717774 -0.149788 -0.988710 0.003967 14.351799 -0.830439 0.123631 -0.543218 1282.292818 0.000000 0.000000 0.000000 1.000000 
0.538034 -0.075266 -0.839556 31.721054 -0.132593 -0.991163 0.003885 14.321350 -0.832430 0.109229 -0.543259 1282.281072 0.000000 0.000000 0.000000 1.000000 
0.539206 -0.066139 -0.839573 31.730391 -0.115867 -0.993257 0.003831 14.295257 -0.834165 0.095213 -0.543234 1282.252499 0.000000 0.000000 0.000000 1.000000 
0.540295 -0.056564 -0.839573 31.738250 -0.098428 -0.995137 0.003703 14.280988 -0.835700 0.080636 -0.543235 1282.216444 0.000000 0.000000 0.000000 1.000000 
0.541257 -0.047008 -0.839542 31.746950 -0.080833 -0.996721 0.003696 14.236799 -0.836963 0.065862 -0.543282 1282.226743 0.000000 0.000000 0.000000 1.000000 
0.542062 -0.037233 -0.839513 31.752013 -0.062931 -0.998011 0.003629 14.204842 -0.837979 0.050864 -0.543327 1282.230101 0.000000 0.000000 0.000000 1.000000 
0.542605 -0.027503 -0.839538 31.765683 -0.045180 -0.998973 0.003526 14.182473 -0.838772 0.036017 -0.543290 1282.193356 0.000000 0.000000 0.000000 1.000000 
0.543017 -0.018181 -0.839525 31.772591 -0.028127 -0.999598 0.003455 14.154845 -0.839250 0.021737 -0.543310 1282.169738 0.000000 0.000000 0.000000 1.000000 
0.543294 -0.008168 -0.839503 31.785378 -0.009812 -0.999946 0.003379 14.126707 -0.839485 0.006402 -0.543345 1282.174113 0.000000 0.000000 0.000000 1.000000 
0.543327 0.000999 -0.839521 31.797290 0.006944 -0.999970 0.003304 14.106317 -0.839493 -0.007625 -0.543317 1282.141162 0.000000 0.000000 0.000000 1.000000 
0.543239 0.010561 -0.839512 31.808852 0.024376 -0.999698 0.003197 14.077236 -0.839224 -0.022201 -0.543332 1282.120996 0.000000 0.000000 0.000000 1.000000 
0.543035 0.020172 -0.839467 31.818086 0.041968 -0.999114 0.003140 14.053958 -0.838660 -0.036936 -0.543401 1282.112205 0.000000 0.000000 0.000000 1.000000 
0.542647 0.029423 -0.839445 31.826971 0.058868 -0.998261 0.003065 14.027527 -0.837895 -0.051080 -0.543436 1282.088298 0.000000 0.000000 0.000000 1.000000 
0.542030 0.039186 -0.839445 31.841730 0.076715 -0.997049 0.002992 14.002882 -0.836850 -0.066020 -0.543436 1282.075441 0.000000 0.000000 0.000000 1.000000 
0.541233 0.048572 -0.839469 31.851648 0.093898 -0.995577 0.002935 13.975260 -0.835614 -0.080413 -0.543400 1282.040623 0.000000 0.000000 0.000000 1.000000 
0.540343 0.058161 -0.839432 31.871212 0.111349 -0.993777 0.002820 13.961802 -0.834045 -0.094993 -0.543457 1282.054491 0.000000 0.000000 0.000000 1.000000 
0.539211 0.067833 -0.839434 31.877737 0.128991 -0.991642 0.002725 13.937113 -0.832233 -0.109749 -0.543455 1282.015775 0.000000 0.000000 0.000000 1.000000 
0.538031 0.077194 -0.839383 31.892733 0.146146 -0.989259 0.002700 13.909897 -0.830159 -0.124126 -0.543534 1282.008152 0.000000 0.000000 0.000000 1.000000 
0.536468 0.087070 -0.839417 31.907673 0.164192 -0.986425 0.002615 13.888812 -0.827794 -0.139228 -0.543481 1281.980211 0.000000 0.000000 0.000000 1.000000 
0.534876 0.096496 -0.839402 31.919505 0.181421 -0.983402 0.002554 13.867320 -0.825224 -0.153651 -0.543505 1281.936257 0.000000 0.000000 0.000000 1.000000 
0.533158 0.105787 -0.839375 31.932273 0.198386 -0.980121 0.002486 13.844733 -0.822426 -0.167846 -0.543546 1281.937312 0.000000 0.000000 0.000000 1.000000 
0.531231 0.115282 -0.839347 31.944563 0.215684 -0.976460 0.002395 13.821370 -0.819313 -0.182306 -0.543591 1281.920246 0.000000 0.000000 0.000000 1.000000 
0.529215 0.124288 -0.839335 31.959264 0.232115 -0.972685 0.002318 13.801740 -0.816121 -0.196050 -0.543609 1281.904092 0.000000 0.000000 0.000000 1.000000 
0.526992 0.133438 -0.839329 31.975424 0.248818 -0.968548 0.002245 13.781098 -0.812631 -0.210023 -0.543619 1281.873388 0.000000 0.000000 0.000000 1.000000 
0.524641 0.142497 -0.839313 31.987278 0.265367 -0.964145 0.002186 13.762318 -0.808908 -0.223873 -0.543644 1281.843290 0.000000 0.000000 0.000000 1.000000 
0.522165 0.151457 -0.839288 31.998728 0.281752 -0.959485 0.002145 13.740981 -0.804959 -0.237592 -0.543683 1281.822012 0.000000 0.000000 0.000000 1.000000 
0.519534 0.160490 -0.839242 32.019356 0.298149 -0.954517 0.002036 13.727749 -0.800744 -0.251277 -0.543754 1281.823732 0.000000 0.000000 0.000000 1.000000 
0.516673 0.169547 -0.839227 32.032334 0.314685 -0.949194 0.001973 13.707177 -0.796255 -0.265112 -0.543777 1281.789629 0.000000 0.000000 0.000000 1.000000 
0.513642 0.178606 -0.839209 32.048346 0.331120 -0.943587 0.001843 13.693496 -0.791537 -0.278825 -0.543806 1281.761845 0.000000 0.000000 0.000000 1.000000 
0.510406 0.187786 -0.839180 32.064376 0.347882 -0.937537 0.001793 13.672016 -0.786425 -0.292850 -0.543851 1281.750192 0.000000 0.000000 0.000000 1.000000 
0.506969 0.196945 -0.839163 32.080134 0.364624 -0.931153 0.001749 13.655861 -0.781045 -0.306866 -0.543877 1281.734507 0.000000 0.000000 0.000000 1.000000 
0.503350 0.206047 -0.839156 32.095507 0.381214 -0.924485 0.001664 13.634024 -0.775445 -0.320736 -0.543888 1281.702086 0.000000 0.000000 0.000000 1.000000 
0.499859 0.214573 -0.839106 32.109941 0.396735 -0.917932 0.001607 13.619794 -0.769897 -0.333707 -0.543965 1281.682108 0.000000 0.000000 0.000000 1.000000 
0.495952 0.223465 -0.839104 32.125245 0.412965 -0.910746 0.001538 13.605624 -0.763866 -0.347283 -0.543969 1281.654268 0.000000 0.000000 0.000000 1.000000 
0.492060 0.232085 -0.839055 32.142013 0.428646 -0.903471 0.001475 13.589599 -0.757720 -0.360384 -0.544044 1281.633699 0.000000 0.000000 0.000000 1.000000 
0.487846 0.240833 -0.839050 32.155417 0.444635 -0.895711 0.001426 13.574358 -0.751203 -0.373766 -0.544052 1281.591668 0.000000 0.000000 0.000000 1.000000 
0.483625 0.249260 -0.839033 32.170440 0.459984 -0.887926 0.001353 13.559323 -0.744662 -0.386596 -0.544078 1281.566783 0.000000 0.000000 0.000000 1.000000 
0.479273 0.257671 -0.838990 32.188154 0.475279 -0.879834 0.001288 13.549893 -0.737840 -0.399371 -0.544146 1281.543526 0.000000 0.000000 0.000000 1.000000 
0.474617 0.266222 -0.838966 32.204338 0.490878 -0.871227 0.001239 13.532321 -0.730601 -0.412418 -0.544182 1281.516425 0.000000 0.000000 0.000000 1.000000 
0.469903 0.274558 -0.838933 32.221765 0.506053 -0.862502 0.001179 13.522409 -0.723258 -0.425098 -0.544233 1281.501884 0.000000 0.000000 0.000000 1.000000 
0.464882 0.283045 -0.838910 32.241528 0.521505 -0.853247 0.001110 13.511679 -0.715484 -0.438012 -0.544269 1281.467542 0.000000 0.000000 0.000000 1.000000 
0.460006 0.290993 -0.838879 32.257568 0.535956 -0.844245 0.001041 13.500276 -0.707917 -0.450081 -0.544317 1281.445062 0.000000 0.000000 0.000000 1.000000 
-0.174067 -0.357847 0.917413 63.128618 -0.888094 -0.345441 -0.303247 -5.491642 0.425429 -0.867534 -0.257672 1020.178489 0.000000 0.000000 0.000000 1.000000 
0.449526 0.307066 -0.838830 32.288627 0.565185 -0.824964 0.000890 13.488087 -0.691731 -0.474494 -0.544392 1281.364775 0.000000 0.000000 0.000000 1.000000 
0.444157 0.314857 -0.838802 32.310810 0.579415 -0.815032 0.000873 13.472206 -0.683376 -0.486402 -0.544435 1281.361968 0.000000 0.000000 0.000000 1.000000 
0.438551 0.322691 -0.838775 32.330103 0.593608 -0.804754 0.000764 13.472773 -0.674761 -0.498238 -0.544478 1281.334249 0.000000 0.000000 0.000000 1.000000 
0.433066 0.330108 -0.838739 32.343192 0.607009 -0.794695 0.000643 13.473733 -0.666329 -0.509400 -0.544534 1281.293953 0.000000 0.000000 0.000000 1.000000 
0.427420 0.337529 -0.838681 32.359664 0.620603 -0.784124 0.000708 13.443680 -0.657392 -0.520791 -0.544622 1281.281087 0.000000 0.000000 0.000000 1.000000 
0.421488 0.345005 -0.838642 32.375292 0.634199 -0.773170 0.000668 13.437671 -0.648182 -0.532147 -0.544683 1281.261094 0.000000 0.000000 0.000000 1.000000 
0.415392 0.352419 -0.838600 32.394196 0.647670 -0.761921 0.000621 13.430639 -0.638728 -0.543394 -0.544747 1281.227100 0.000000 0.000000 0.000000 1.000000 
0.409167 0.359703 -0.838568 32.412531 0.660922 -0.750454 0.000581 13.423112 -0.629098 -0.554466 -0.544797 1281.210658 0.000000 0.000000 0.000000 1.000000 
0.402615 0.367090 -0.838538 32.429678 0.674357 -0.738406 0.000531 13.415310 -0.618986 -0.565688 -0.544843 1281.185394 0.000000 0.000000 0.000000 1.000000 
0.396159 0.374135 -0.838499 32.450305 0.687169 -0.726498 0.000501 13.411880 -0.608980 -0.576389 -0.544903 1281.160819 0.000000 0.000000 0.000000 1.000000 
0.389370 0.381279 -0.838461 32.465684 0.700155 -0.713991 0.000465 13.406486 -0.598476 -0.587234 -0.544961 1281.119964 0.000000 0.000000 0.000000 1.000000 
0.382864 0.387879 -0.838430 32.480645 0.712127 -0.702051 0.000401 13.402682 -0.588465 -0.597222 -0.545009 1281.086749 0.000000 0.000000 0.000000 1.000000 
0.376395 0.394238 -0.838393 32.500506 0.723667 -0.690150 0.000359 13.397690 -0.578475 -0.606852 -0.545066 1281.080660 0.000000 0.000000 0.000000 1.000000 
0.369303 0.400921 -0.838378 32.522220 0.735869 -0.677123 0.000341 13.394417 -0.567549 -0.617063 -0.545089 1281.038535 0.000000 0.000000 0.000000 1.000000 
0.362513 0.407130 -0.838349 32.539143 0.747137 -0.664670 0.000286 13.396140 -0.557109 -0.626465 -0.545134 1281.013896 0.000000 0.000000 0.000000 1.000000 
0.355503 0.413353 -0.838306 32.558125 0.758434 -0.651750 0.000265 13.396233 -0.546257 -0.635894 -0.545200 1280.988582 0.000000 0.000000 0.000000 1.000000 
0.348227 0.419569 -0.838272 32.574468 0.769704 -0.638400 0.000213 13.389541 -0.535064 -0.645296 -0.545253 1280.963752 0.000000 0.000000 0.000000 1.000000 
0.341335 0.425296 -0.838220 32.589553 0.780044 -0.625724 0.000165 13.389887 -0.524425 -0.653905 -0.545332 1280.932790 0.000000 0.000000 0.000000 1.000000 
0.333662 0.431423 -0.838179 32.607430 0.791156 -0.611614 0.000137 13.387866 -0.512583 -0.663176 -0.545395 1280.904118 0.000000 0.000000 0.000000 1.000000 
