-0.667141 0.261764 -0.697426 20.359944 0.360531 0.932733 0.005206 3.733188 0.651874 -0.247971 -0.716638 1300.274755 0.000000 0.000000 0.000000 1.000000 
-0.666959 0.261667 -0.697636 20.383282 0.360506 0.932742 0.005196 3.721382 0.652074 -0.248037 -0.716434 1300.255135 0.000000 0.000000 0.000000 1.000000 
-0.669375 0.255227 -0.697708 20.388083 0.351479 0.936181 0.005255 3.736772 0.654522 -0.241712 -0.716363 1300.246460 0.000000 0.000000 0.000000 1.000000 
-0.673781 0.243300 -0.697728 20.383599 0.334764 0.942287 0.005305 3.766545 0.658750 -0.230000 -0.716343 1300.247988 0.000000 0.000000 0.000000 1.000000 
-0.677679 0.232143 -0.697754 20.380056 0.319093 0.947708 0.005391 3.794696 0.662518 -0.218995 -0.716318 1300.254636 0.000000 0.000000 0.000000 1.000000 
-0.681535 0.220575 -0.697751 20.374122 0.302832 0.953028 0.005480 3.820967 0.666185 -0.207566 -0.716320 1300.269656 0.000000 0.000000 0.000000 1.000000 
-0.685401 0.208258 -0.697750 20.370439 0.285528 0.958354 0.005566 3.850877 0.669851 -0.195412 -0.716320 1300.254735 0.000000 0.000000 0.000000 1.000000 
-0.688700 0.197108 -0.697740 20.361113 0.269861 0.962883 0.005646 3.879273 0.672955 -0.184404 -0.716329 1300.263382 0.000000 0.000000 0.000000 1.000000 
-0.692064 0.184811 -0.697776 20.356653 0.252625 0.967548 0.005705 3.912864 0.676186 -0.172327 -0.716293 1300.260535 0.000000 0.000000 0.000000 1.000000 
-0.695052 0.173323 -0.697755 20.344707 0.236463 0.971623 0.005804 3.938703 0.678960 -0.160959 -0.716313 1300.275749 0.000000 0.000000 0.000000 1.000000 
-0.697772 0.162065 -0.697746 20.335016 0.220655 0.975334 0.005877 3.965588 0.681488 -0.149861 -0.716321 1300.297448 0.000000 0.000000 0.000000 1.000000 
-0.700428 0.149978 -0.697787 20.333852 0.203734 0.979008 0.005916 4.000307 0.684027 -0.138019 -0.716281 1300.286442 0.000000 0.000000 0.000000 1.000000 
-0.702888 0.138100 -0.697766 20.321053 0.187009 0.982340 0.006040 4.026535 0.686277 -0.126243 -0.716301 1300.316277 0.000000 0.000000 0.000000 1.000000 
-0.705143 0.126000 -0.697780 20.311986 0.170037 0.985419 0.006108 4.051044 0.688375 -0.114342 -0.716286 1300.316824 0.000000 0.000000 0.000000 1.000000 
-0.707173 0.114278 -0.697744 20.298064 0.153574 0.988118 0.006187 4.078984 0.690160 -0.102780 -0.716321 1300.319833 0.000000 0.000000 0.000000 1.000000 
-0.709030 0.101976 -0.697766 20.285834 0.136327 0.990644 0.006251 4.107137 0.691875 -0.090692 -0.716298 1300.351433 0.000000 0.000000 0.000000 1.000000 
-0.710724 0.089443 -0.697762 20.273805 0.118749 0.992904 0.006321 4.134405 0.693376 -0.078366 -0.716302 1300.363805 0.000000 0.000000 0.000000 1.000000 
-0.712053 0.077826 -0.697799 20.270166 0.102451 0.994718 0.006398 4.157578 0.694611 -0.066934 -0.716265 1300.355565 0.000000 0.000000 0.000000 1.000000 
-0.713167 0.065463 -0.697930 20.283177 0.084506 0.996398 0.007107 4.065643 0.695881 -0.053911 -0.716130 1300.094906 0.000000 0.000000 0.000000 1.000000 
-0.714307 0.053521 -0.697783 20.245254 0.068326 0.997641 0.006576 4.213582 0.696489 -0.042979 -0.716279 1300.377510 0.000000 0.000000 0.000000 1.000000 
-0.715091 0.041110 -0.697822 20.236794 0.050723 0.998689 0.006856 4.202614 0.697189 -0.030493 -0.716239 1300.293574 0.000000 0.000000 0.000000 1.000000 
-0.715729 0.028677 -0.697789 20.215335 0.033424 0.999418 0.006791 4.257813 0.697578 -0.018462 -0.716271 1300.393285 0.000000 0.000000 0.000000 1.000000 
-0.716150 0.016637 -0.697748 20.195446 0.016558 0.999839 0.006845 4.289398 0.697750 -0.006651 -0.716310 1300.413182 0.000000 0.000000 0.000000 1.000000 
-0.716272 0.004288 -0.697808 20.188600 -0.000731 0.999976 0.006896 4.322824 0.697821 0.005449 -0.716251 1300.432400 0.000000 0.000000 0.000000 1.000000 
-0.716193 -0.008348 -0.697853 20.176141 -0.018518 0.999804 0.007044 4.343220 0.697657 0.017967 -0.716207 1300.459007 0.000000 0.000000 0.000000 1.000000 
-0.715978 -0.020207 -0.697830 20.157486 -0.035115 0.999358 0.007089 4.366902 0.697239 0.029580 -0.716228 1300.455819 0.000000 0.000000 0.000000 1.000000 
-0.715526 -0.032958 -0.697808 20.138842 -0.052995 0.998569 0.007177 4.391156 0.696573 0.042115 -0.716249 1300.464482 0.000000 0.000000 0.000000 1.000000 
-0.714835 -0.044914 -0.697849 20.128847 -0.069758 0.997538 0.007254 4.417360 0.695805 0.053866 -0.716208 1300.491160 0.000000 0.000000 0.000000 1.000000 
-0.713980 -0.057072 -0.697836 20.108551 -0.086794 0.996199 0.007328 4.439177 0.694766 0.065800 -0.716220 1300.491089 0.000000 0.000000 0.000000 1.000000 
-0.712870 -0.069309 -0.697863 20.094205 -0.103955 0.994554 0.007415 4.463187 0.693548 0.077832 -0.716193 1300.511089 0.000000 0.000000 0.000000 1.000000 
-0.711568 -0.081608 -0.697862 20.077426 -0.121187 0.992601 0.007492 4.486116 0.692087 0.089903 -0.716194 1300.523504 0.000000 0.000000 0.000000 1.000000 
-0.709810 -0.095347 -0.697910 20.058948 -0.140422 0.990063 0.007556 4.512960 0.690255 0.103365 -0.716145 1300.563356 0.000000 0.000000 0.000000 1.000000 
-0.708204 -0.106484 -0.697932 20.047121 -0.156022 0.987724 0.007620 4.534285 0.688553 0.114290 -0.716124 1300.568564 0.000000 0.000000 0.000000 1.000000 
-0.706198 -0.118886 -0.697962 20.032421 -0.173411 0.984819 0.007710 4.559255 0.686450 0.126479 -0.716093 1300.593516 0.000000 0.000000 0.000000 1.000000 
-0.704035 -0.130970 -0.697984 20.017494 -0.190344 0.981687 0.007790 4.580056 0.684181 0.138341 -0.716071 1300.588140 0.000000 0.000000 0.000000 1.000000 
-0.701651 -0.143069 -0.698010 20.000114 -0.207294 0.978247 0.007867 4.602545 0.681701 0.150212 -0.716045 1300.620370 0.000000 0.000000 0.000000 1.000000 
-0.698910 -0.155773 -0.698039 19.978756 -0.225049 0.974315 0.007904 4.620467 0.678879 0.162617 -0.716016 1300.614507 0.000000 0.000000 0.000000 1.000000 
-0.696317 -0.167019 -0.698031 19.960137 -0.240846 0.970530 0.008034 4.641162 0.676118 0.173713 -0.716023 1300.657550 0.000000 0.000000 0.000000 1.000000 
-0.693220 -0.179312 -0.698064 19.944872 -0.258064 0.966094 0.008113 4.661040 0.672941 0.185769 -0.715989 1300.670295 0.000000 0.000000 0.000000 1.000000 
-0.690053 -0.191040 -0.698090 19.925232 -0.274482 0.961557 0.008182 4.679244 0.669691 0.197259 -0.715963 1300.691435 0.000000 0.000000 0.000000 1.000000 
-0.686621 -0.202966 -0.698109 19.909234 -0.291173 0.956635 0.008252 4.700060 0.666161 0.208936 -0.715944 1300.699464 0.000000 0.000000 0.000000 1.000000 
-0.682908 -0.215132 -0.698108 19.885215 -0.308209 0.951282 0.008346 4.717788 0.662302 0.220863 -0.715944 1300.711363 0.000000 0.000000 0.000000 1.000000 
-0.679079 -0.226766 -0.698161 19.867360 -0.324510 0.945845 0.008426 4.735607 0.658441 0.232283 -0.715891 1300.743088 0.000000 0.000000 0.000000 1.000000 
-0.674898 -0.238789 -0.698207 19.849349 -0.341339 0.939902 0.008495 4.753381 0.654218 0.244058 -0.715846 1300.762024 0.000000 0.000000 0.000000 1.000000 
-0.670648 -0.250426 -0.698225 19.829634 -0.357617 0.933829 0.008565 4.773205 0.649878 0.255441 -0.715827 1300.770796 0.000000 0.000000 0.000000 1.000000 
-0.666281 -0.261719 -0.698264 19.812081 -0.373423 0.927621 0.008634 4.787007 0.645465 0.266500 -0.715788 1300.787801 0.000000 0.000000 0.000000 1.000000 
-0.661619 -0.273268 -0.698272 19.787928 -0.389579 0.920952 0.008715 4.802992 0.640694 0.277798 -0.715779 1300.818062 0.000000 0.000000 0.000000 1.000000 
-0.656957 -0.284186 -0.698316 19.770984 -0.404851 0.914341 0.008774 4.817049 0.636005 0.288478 -0.715736 1300.841873 0.000000 0.000000 0.000000 1.000000 
-0.651949 -0.295445 -0.698337 19.748432 -0.420607 0.907200 0.008859 4.832933 0.630914 0.299501 -0.715714 1300.862698 0.000000 0.000000 0.000000 1.000000 
-0.646716 -0.306633 -0.698380 19.730125 -0.436240 0.899786 0.008905 4.851677 0.625662 0.310420 -0.715671 1300.889126 0.000000 0.000000 0.000000 1.000000 
-0.641341 -0.317612 -0.698430 19.713304 -0.451597 0.892177 0.008966 4.860593 0.620275 0.321159 -0.715623 1300.889052 0.000000 0.000000 0.000000 1.000000 
-0.635630 -0.328833 -0.698458 19.690836 -0.467282 0.884062 0.009034 4.876755 0.614510 0.332119 -0.715594 1300.927981 0.000000 0.000000 0.000000 1.000000 
-0.629875 -0.339630 -0.698505 19.670623 -0.482389 0.875910 0.009104 4.886114 0.608735 0.342685 -0.715547 1300.950069 0.000000 0.000000 0.000000 1.000000 
-0.623965 -0.350323 -0.698528 19.647726 -0.497323 0.867517 0.009164 4.900736 0.602774 0.353112 -0.715524 1300.982853 0.000000 0.000000 0.000000 1.000000 
-0.617575 -0.361354 -0.698587 19.629378 -0.512748 0.858489 0.009221 4.910648 0.596398 0.363894 -0.715465 1300.993317 0.000000 0.000000 0.000000 1.000000 
-0.611584 -0.371334 -0.698624 19.608954 -0.526677 0.850015 0.009258 4.924101 0.590403 0.373611 -0.715429 1301.020473 0.000000 0.000000 0.000000 1.000000 
-0.604949 -0.382071 -0.698612 19.581343 -0.541662 0.840545 0.009348 4.930576 0.583643 0.384066 -0.715439 1301.031951 0.000000 0.000000 0.000000 1.000000 
-0.598383 -0.392162 -0.698675 19.564697 -0.555758 0.831291 0.009382 4.945152 0.577123 0.393909 -0.715378 1301.046280 0.000000 0.000000 0.000000 1.000000 
-0.591240 -0.402758 -0.698728 19.544976 -0.570569 0.821196 0.009446 4.957723 0.569988 0.404257 -0.715325 1301.055969 0.000000 0.000000 0.000000 1.000000 
-0.584065 -0.413080 -0.698736 19.515812 -0.584975 0.810996 0.009527 4.965487 0.562736 0.414308 -0.715316 1301.108196 0.000000 0.000000 0.000000 1.000000 
-0.576549 -0.423407 -0.698797 19.496021 -0.599406 0.800388 0.009584 4.976474 0.555250 0.424389 -0.715256 1301.129589 0.000000 0.000000 0.000000 1.000000 
-0.568858 -0.433611 -0.698843 19.474082 -0.613657 0.789514 0.009647 4.981401 0.547563 0.434338 -0.715210 1301.145838 0.000000 0.000000 0.000000 1.000000 
-0.561334 -0.443278 -0.698863 19.446202 -0.627123 0.778860 0.009693 4.990585 0.540020 0.443714 -0.715190 1301.175993 0.000000 0.000000 0.000000 1.000000 
-0.552989 -0.453566 -0.698914 19.424762 -0.641509 0.767053 0.009784 4.994764 0.531667 0.453770 -0.715138 1301.188593 0.000000 0.000000 0.000000 1.000000 
-0.545101 -0.462957 -0.698953 19.402687 -0.654606 0.755906 0.009834 5.005498 0.523790 0.462899 -0.715100 1301.207738 0.000000 0.000000 0.000000 1.000000 
-0.537182 -0.472114 -0.698959 19.377408 -0.667341 0.744686 0.009882 5.008150 0.515840 0.471753 -0.715093 1301.227555 0.000000 0.000000 0.000000 1.000000 
-0.528571 -0.481660 -0.699011 19.354347 -0.680658 0.732534 0.009935 5.016227 0.507264 0.481039 -0.715042 1301.260999 0.000000 0.000000 0.000000 1.000000 
-0.520350 -0.490454 -0.699064 19.334658 -0.692931 0.720935 0.009987 5.018481 0.499082 0.489600 -0.714989 1301.274361 0.000000 0.000000 0.000000 1.000000 
-0.511613 -0.499479 -0.699123 19.312720 -0.705531 0.708608 0.010048 5.028289 0.490385 0.498394 -0.714931 1301.290573 0.000000 0.000000 0.000000 1.000000 
-0.502665 -0.508405 -0.699180 19.290100 -0.717998 0.695972 0.010122 5.028414 0.481464 0.507098 -0.714874 1301.318461 0.000000 0.000000 0.000000 1.000000 
-0.494161 -0.516634 -0.699210 19.267850 -0.729442 0.683968 0.010155 5.030363 0.472991 0.515051 -0.714844 1301.341847 0.000000 0.000000 0.000000 1.000000 
-0.484676 -0.525462 -0.699270 19.244117 -0.741747 0.670602 0.010198 5.038107 0.463573 0.523624 -0.714785 1301.363181 0.000000 0.000000 0.000000 1.000000 
-0.475801 -0.533473 -0.699300 19.219526 -0.752890 0.658067 0.010245 5.039816 0.454720 0.531371 -0.714755 1301.397089 0.000000 0.000000 0.000000 1.000000 
-0.466079 -0.541879 -0.699384 19.202766 -0.764634 0.644382 0.010299 5.041855 0.445090 0.539573 -0.714672 1301.401283 0.000000 0.000000 0.000000 1.000000 
-0.456728 -0.549777 -0.699389 19.171617 -0.775571 0.631176 0.010322 5.041570 0.435763 0.547140 -0.714667 1301.448970 0.000000 0.000000 0.000000 1.000000 
-0.447369 -0.557371 -0.699428 19.147103 -0.786130 0.617974 0.010365 5.037797 0.426451 0.554478 -0.714628 1301.467039 0.000000 0.000000 0.000000 1.000000 
-0.437075 -0.565428 -0.699469 19.120663 -0.797330 0.603454 0.010413 5.039095 0.416210 0.562259 -0.714587 1301.494203 0.000000 0.000000 0.000000 1.000000 
-0.427377 -0.572735 -0.699516 19.099893 -0.807495 0.589782 0.010458 5.037320 0.406572 0.569325 -0.714540 1301.512698 0.000000 0.000000 0.000000 1.000000 
-0.417833 -0.579655 -0.699583 19.080839 -0.817154 0.576323 0.010529 5.035236 0.397083 0.576066 -0.714474 1301.517666 0.000000 0.000000 0.000000 1.000000 
-0.407637 -0.586800 -0.699641 19.059772 -0.827076 0.561991 0.010535 5.037738 0.387010 0.582951 -0.714417 1301.542817 0.000000 0.000000 0.000000 1.000000 
-0.397521 -0.593685 -0.699654 19.030007 -0.836609 0.547699 0.010589 5.034349 0.376913 0.589546 -0.714403 1301.574767 0.000000 0.000000 0.000000 1.000000 
-0.386178 -0.601022 -0.699742 19.008368 -0.846825 0.531766 0.010607 5.033636 0.365724 0.596655 -0.714317 1301.595931 0.000000 0.000000 0.000000 1.000000 
-0.375877 -0.607470 -0.699783 18.985197 -0.855775 0.517238 0.010659 5.028149 0.355479 0.602864 -0.714276 1301.625339 0.000000 0.000000 0.000000 1.000000 
-0.365214 -0.613880 -0.699835 18.963403 -0.864678 0.502213 0.010708 5.021157 0.344893 0.609043 -0.714224 1301.634217 0.000000 0.000000 0.000000 1.000000 
-0.354299 -0.620206 -0.699869 18.933543 -0.873446 0.486801 0.010779 5.013586 0.334012 0.615117 -0.714190 1301.669877 0.000000 0.000000 0.000000 1.000000 
-0.343221 -0.626362 -0.699907 18.912296 -0.881956 0.471209 0.010799 5.011599 0.323038 0.620994 -0.714152 1301.675720 0.000000 0.000000 0.000000 1.000000 
-0.331828 -0.632439 -0.699936 18.882777 -0.890327 0.455193 0.010792 5.010142 0.311781 0.626753 -0.714124 1301.716281 0.000000 0.000000 0.000000 1.000000 
-0.321802 -0.637482 -0.700043 18.870712 -0.897391 0.441104 0.010837 5.004891 0.301884 0.631700 -0.714018 1301.731901 0.000000 0.000000 0.000000 1.000000 
-0.310425 -0.643088 -0.700054 18.838537 -0.905087 0.425088 0.010845 4.996315 0.290610 0.636976 -0.714008 1301.743830 0.000000 0.000000 0.000000 1.000000 
-0.298771 -0.648479 -0.700151 18.823441 -0.912593 0.408725 0.010864 4.990302 0.279124 0.642198 -0.713912 1301.770665 0.000000 0.000000 0.000000 1.000000 
-0.288084 -0.653204 -0.700238 18.806396 -0.919167 0.393717 0.010883 4.984201 0.268587 0.646771 -0.713827 1301.787005 0.000000 0.000000 0.000000 1.000000 
-0.276207 -0.658273 -0.700276 18.779167 -0.926157 0.376981 0.010931 4.973840 0.256794 0.651584 -0.713789 1301.815850 0.000000 0.000000 0.000000 1.000000 
-0.264679 -0.662858 -0.700403 18.765463 -0.932544 0.360892 0.010857 4.970697 0.245574 0.656030 -0.713665 1301.858050 0.000000 0.000000 0.000000 1.000000 
-0.252718 -0.667464 -0.700446 18.740073 -0.938887 0.344054 0.010893 4.960840 0.233721 0.660393 -0.713622 1301.887946 0.000000 0.000000 0.000000 1.000000 
-0.241132 -0.671673 -0.700508 18.718101 -0.944699 0.327756 0.010924 4.949061 0.222259 0.664403 -0.713561 1301.907192 0.000000 0.000000 0.000000 1.000000 
-0.229162 -0.675774 -0.700582 18.696889 -0.950371 0.310925 0.010954 4.938773 0.210426 0.668323 -0.713488 1301.920219 0.000000 0.000000 0.000000 1.000000 
-0.216667 -0.679812 -0.700651 18.672613 -0.955929 0.293394 0.010940 4.925569 0.198130 0.672143 -0.713421 1301.958160 0.000000 0.000000 0.000000 1.000000 
-0.205717 -0.683141 -0.700713 18.654029 -0.960511 0.278026 0.010935 4.919135 0.187347 0.675292 -0.713359 1301.974634 0.000000 0.000000 0.000000 1.000000 
-0.193523 -0.686629 -0.700778 18.632618 -0.965311 0.260871 0.010972 4.901750 0.175279 0.678592 -0.713295 1301.988726 0.000000 0.000000 0.000000 1.000000 
-0.181217 -0.689916 -0.700840 18.610067 -0.969819 0.243577 0.010987 4.889798 0.163128 0.681679 -0.713234 1302.012945 0.000000 0.000000 0.000000 1.000000 
-0.169574 -0.692796 -0.700912 18.592482 -0.973776 0.227244 0.010977 4.881666 0.151674 0.684393 -0.713163 1302.036823 0.000000 0.000000 0.000000 1.000000 
-0.156601 -0.695790 -0.700966 18.565275 -0.977849 0.209023 0.010979 4.866490 0.138879 0.687158 -0.713110 1302.069898 0.000000 0.000000 0.000000 1.000000 
-0.144566 -0.698317 -0.701037 18.544382 -0.981309 0.192125 0.010984 4.847643 0.127017 0.689522 -0.713040 1302.092825 0.000000 0.000000 0.000000 1.000000 
-0.132199 -0.700685 -0.701117 18.527902 -0.984551 0.174752 0.010998 4.834430 0.114816 0.691739 -0.712962 1302.097416 0.000000 0.000000 0.000000 1.000000 
-0.119509 -0.702908 -0.701170 18.503811 -0.987545 0.156954 0.010976 4.821132 0.102336 0.693748 -0.712910 1302.130267 0.000000 0.000000 0.000000 1.000000 
-0.107179 -0.704838 -0.701224 18.484631 -0.990143 0.139629 0.010990 4.803227 0.090165 0.695490 -0.712856 1302.146122 0.000000 0.000000 0.000000 1.000000 
-0.094449 -0.706607 -0.701275 18.459348 -0.992500 0.121747 0.010999 4.785586 0.077606 0.697054 -0.712806 1302.174329 0.000000 0.000000 0.000000 1.000000 
-0.082706 -0.707993 -0.701360 18.445865 -0.994381 0.105286 0.010978 4.769004 0.066071 0.698328 -0.712722 1302.174170 0.000000 0.000000 0.000000 1.000000 
-0.070351 -0.709276 -0.701412 18.425238 -0.996065 0.087947 0.010971 4.749242 0.053906 0.699423 -0.712672 1302.198893 0.000000 0.000000 0.000000 1.000000 
-0.058350 -0.710336 -0.701440 18.402857 -0.997410 0.071084 0.010984 4.727062 0.042059 0.700264 -0.712644 1302.220994 0.000000 0.000000 0.000000 1.000000 
-0.046291 -0.711161 -0.701503 18.382616 -0.998472 0.054160 0.010982 4.712366 0.030184 0.700939 -0.712582 1302.232919 0.000000 0.000000 0.000000 1.000000 
-0.033514 -0.711799 -0.701583 18.367333 -0.999283 0.036253 0.010954 4.693932 0.017637 0.701447 -0.712503 1302.252291 0.000000 0.000000 0.000000 1.000000 
-0.021272 -0.712193 -0.701662 18.347178 -0.999758 0.019098 0.010925 4.677704 0.005619 0.701724 -0.712427 1302.277039 0.000000 0.000000 0.000000 1.000000 
-0.009118 -0.712390 -0.701725 18.330815 -0.999939 0.002085 0.010876 4.656648 -0.006285 0.701781 -0.712365 1302.299669 0.000000 0.000000 0.000000 1.000000 
0.003548 -0.712401 -0.701764 18.308736 -0.999818 -0.015695 0.010877 4.633349 -0.018763 0.701597 -0.712327 1302.320768 0.000000 0.000000 0.000000 1.000000 
0.015789 -0.712179 -0.701820 18.291722 -0.999399 -0.032897 0.010899 4.608823 -0.030850 0.701226 -0.712271 1302.336923 0.000000 0.000000 0.000000 1.000000 
0.028424 -0.711716 -0.701892 18.275101 -0.998661 -0.050588 0.010854 4.590631 -0.043232 0.700644 -0.712200 1302.367947 0.000000 0.000000 0.000000 1.000000 
0.041097 -0.711046 -0.701943 18.253664 -0.997602 -0.068363 0.010842 4.567980 -0.055696 0.699814 -0.712151 1302.376072 0.000000 0.000000 0.000000 1.000000 
0.053659 -0.710145 -0.702008 18.239385 -0.996236 -0.085996 0.010845 4.542650 -0.068071 0.698784 -0.712087 1302.394273 0.000000 0.000000 0.000000 1.000000 
0.066164 -0.709027 -0.702070 18.222888 -0.994569 -0.103517 0.010813 4.521629 -0.080343 0.697542 -0.712026 1302.408856 0.000000 0.000000 0.000000 1.000000 
0.078872 -0.707666 -0.702131 18.203567 -0.992556 -0.121313 0.010773 4.498885 -0.092801 0.696054 -0.711966 1302.427114 0.000000 0.000000 0.000000 1.000000 
0.091133 -0.706147 -0.702176 18.186604 -0.990305 -0.138494 0.010748 4.474487 -0.104837 0.694388 -0.711923 1302.440051 0.000000 0.000000 0.000000 1.000000 
0.103323 -0.704397 -0.702245 18.172606 -0.987769 -0.155558 0.010703 4.456273 -0.116779 0.692550 -0.711855 1302.462346 0.000000 0.000000 0.000000 1.000000 
0.115448 -0.702461 -0.702297 18.154183 -0.984942 -0.172556 0.010685 4.428870 -0.128691 0.690488 -0.711804 1302.489073 0.000000 0.000000 0.000000 1.000000 
0.127883 -0.700246 -0.702354 18.140107 -0.981733 -0.189964 0.010641 4.408921 -0.140873 0.688164 -0.711748 1302.499125 0.000000 0.000000 0.000000 1.000000 
0.140484 -0.697784 -0.702397 18.122294 -0.978149 -0.207635 0.010635 4.375983 -0.153263 0.685555 -0.711706 1302.511846 0.000000 0.000000 0.000000 1.000000 
0.152661 -0.695169 -0.702449 18.107168 -0.974374 -0.224683 0.010597 4.354256 -0.165195 0.682830 -0.711655 1302.521563 0.000000 0.000000 0.000000 1.000000 
0.164767 -0.692315 -0.702533 18.094437 -0.970309 -0.241636 0.010552 4.327180 -0.177063 0.679936 -0.711573 1302.545721 0.000000 0.000000 0.000000 1.000000 
0.176975 -0.689230 -0.702597 18.081698 -0.965891 -0.258734 0.010516 4.303182 -0.189034 0.676771 -0.711511 1302.547032 0.000000 0.000000 0.000000 1.000000 
0.189041 -0.685972 -0.702642 18.067350 -0.961206 -0.275631 0.010486 4.275922 -0.200863 0.673402 -0.711466 1302.566529 0.000000 0.000000 0.000000 1.000000 
0.201402 -0.682390 -0.702696 18.052495 -0.956074 -0.292938 0.010448 4.247545 -0.212976 0.669725 -0.711414 1302.579695 0.000000 0.000000 0.000000 1.000000 
0.213302 -0.678700 -0.702758 18.038705 -0.950817 -0.309580 0.010390 4.223341 -0.224611 0.665977 -0.711354 1302.603853 0.000000 0.000000 0.000000 1.000000 
0.224636 -0.674988 -0.702801 18.028459 -0.945505 -0.325442 0.010351 4.196797 -0.235708 0.662177 -0.711311 1302.580187 0.000000 0.000000 0.000000 1.000000 
0.236584 -0.670824 -0.702868 18.019322 -0.939583 -0.342167 0.010307 4.169709 -0.247412 0.657964 -0.711246 1302.603916 0.000000 0.000000 0.000000 1.000000 
0.247985 -0.666651 -0.702908 18.001628 -0.933623 -0.358110 0.010257 4.143709 -0.258557 0.653708 -0.711206 1302.622382 0.000000 0.000000 0.000000 1.000000 
0.259577 -0.662098 -0.703026 18.004157 -0.927327 -0.374120 0.009945 4.165923 -0.269601 0.649354 -0.711094 1302.505649 0.000000 0.000000 0.000000 1.000000 
0.271398 -0.657361 -0.703007 17.978899 -0.920395 -0.390859 0.010159 4.085536 -0.281454 0.644287 -0.711110 1302.624819 0.000000 0.000000 0.000000 1.000000 
0.282706 -0.652508 -0.703072 17.967728 -0.913505 -0.406700 0.010129 4.053612 -0.292549 0.639397 -0.711046 1302.656015 0.000000 0.000000 0.000000 1.000000 
0.294455 -0.647204 -0.703152 17.963892 -0.906115 -0.422917 0.009817 4.073445 -0.303728 0.634246 -0.710972 1302.554642 0.000000 0.000000 0.000000 1.000000 
0.305727 -0.641839 -0.703259 17.961877 -0.898663 -0.438535 0.009560 4.083490 -0.314540 0.629070 -0.710869 1302.483676 0.000000 0.000000 0.000000 1.000000 
0.316762 -0.636527 -0.703203 17.932021 -0.890779 -0.454327 0.009992 3.966044 -0.325844 0.623234 -0.710919 1302.693434 0.000000 0.000000 0.000000 1.000000 
0.327961 -0.630742 -0.703282 17.927579 -0.882612 -0.469997 0.009931 3.935741 -0.336804 0.617468 -0.710842 1302.682417 0.000000 0.000000 0.000000 1.000000 
0.338696 -0.625038 -0.703287 17.910978 -0.874453 -0.485009 0.009918 3.908683 -0.347300 0.611633 -0.710836 1302.683334 0.000000 0.000000 0.000000 1.000000 
0.349528 -0.618991 -0.703335 17.900584 -0.865884 -0.500148 0.009862 3.874020 -0.357876 0.605559 -0.710790 1302.703717 0.000000 0.000000 0.000000 1.000000 
0.360347 -0.612691 -0.703392 17.893081 -0.856977 -0.515261 0.009791 3.846509 -0.368429 0.599263 -0.710735 1302.716407 0.000000 0.000000 0.000000 1.000000 
0.370553 -0.606460 -0.703489 17.896491 -0.848309 -0.529415 0.009561 3.853572 -0.378236 0.593233 -0.710642 1302.632287 0.000000 0.000000 0.000000 1.000000 
0.381237 -0.599675 -0.703597 17.901056 -0.838873 -0.544248 0.009327 3.859555 -0.388524 0.586672 -0.710538 1302.519236 0.000000 0.000000 0.000000 1.000000 
0.391516 -0.592901 -0.703693 17.900680 -0.829502 -0.558431 0.008997 3.870885 -0.398298 0.580193 -0.710447 1302.466500 0.000000 0.000000 0.000000 1.000000 
0.402070 -0.585891 -0.703613 17.867683 -0.819093 -0.573581 0.009555 3.726019 -0.409178 0.572483 -0.710519 1302.740077 0.000000 0.000000 0.000000 1.000000 
0.412469 -0.578564 -0.703656 17.860152 -0.808753 -0.588073 0.009454 3.699257 -0.419271 0.565184 -0.710478 1302.733235 0.000000 0.000000 0.000000 1.000000 
0.422418 -0.571272 -0.703713 17.857053 -0.798444 -0.601996 0.009417 3.667516 -0.429012 0.557897 -0.710422 1302.750998 0.000000 0.000000 0.000000 1.000000 
0.432319 -0.563772 -0.703748 17.850969 -0.787834 -0.615817 0.009356 3.631966 -0.438655 0.550392 -0.710388 1302.753187 0.000000 0.000000 0.000000 1.000000 
0.442114 -0.556131 -0.703743 17.836898 -0.776974 -0.629463 0.009312 3.598542 -0.448159 0.542673 -0.710394 1302.775636 0.000000 0.000000 0.000000 1.000000 
0.451329 -0.548619 -0.703789 17.833786 -0.766386 -0.642314 0.009225 3.567050 -0.457115 0.535211 -0.710349 1302.770570 0.000000 0.000000 0.000000 1.000000 
0.460564 -0.540848 -0.703821 17.827477 -0.755398 -0.655202 0.009172 3.536891 -0.466106 0.527441 -0.710318 1302.777708 0.000000 0.000000 0.000000 1.000000 
0.469916 -0.532731 -0.703830 17.819779 -0.743907 -0.668221 0.009105 3.502777 -0.475164 0.519306 -0.710311 1302.785278 0.000000 0.000000 0.000000 1.000000 
0.479223 -0.524372 -0.703832 17.810054 -0.731806 -0.681448 0.009426 3.407955 -0.484567 0.510552 -0.710304 1302.863665 0.000000 0.000000 0.000000 1.000000 
0.488095 -0.516023 -0.703905 17.810836 -0.720328 -0.693576 0.008968 3.439364 -0.492839 0.502666 -0.710237 1302.792579 0.000000 0.000000 0.000000 1.000000 
0.496998 -0.507395 -0.703949 17.811421 -0.708157 -0.705999 0.008903 3.408430 -0.501505 0.494082 -0.710195 1302.796874 0.000000 0.000000 0.000000 1.000000 
0.505708 -0.498663 -0.703985 17.809456 -0.695831 -0.718151 0.008846 3.376179 -0.509979 0.485381 -0.710160 1302.778023 0.000000 0.000000 0.000000 1.000000 
0.514355 -0.489743 -0.703983 17.803311 -0.683204 -0.730175 0.008791 3.340441 -0.518336 0.476442 -0.710163 1302.794369 0.000000 0.000000 0.000000 1.000000 
0.522887 -0.480579 -0.704012 17.800040 -0.670271 -0.742065 0.008729 3.304088 -0.526618 0.467314 -0.710135 1302.796658 0.000000 0.000000 0.000000 1.000000 
0.531189 -0.471343 -0.704041 17.797164 -0.657264 -0.753611 0.008632 3.275429 -0.534642 0.458155 -0.710107 1302.780636 0.000000 0.000000 0.000000 1.000000 
0.539537 -0.461697 -0.704085 17.799042 -0.643676 -0.765250 0.008560 3.242915 -0.542753 0.448584 -0.710064 1302.793479 0.000000 0.000000 0.000000 1.000000 
0.547565 -0.452088 -0.704123 17.799100 -0.630135 -0.776439 0.008491 3.210645 -0.550547 0.439042 -0.710028 1302.806099 0.000000 0.000000 0.000000 1.000000 
0.555341 -0.442453 -0.704153 17.799133 -0.616555 -0.787266 0.008421 3.176307 -0.558082 0.429472 -0.709999 1302.809064 0.000000 0.000000 0.000000 1.000000 
0.562809 -0.432886 -0.704170 17.797895 -0.603067 -0.797647 0.008348 3.146295 -0.565292 0.419964 -0.709983 1302.794170 0.000000 0.000000 0.000000 1.000000 
0.570196 -0.423043 -0.704209 17.801335 -0.589231 -0.807923 0.008250 3.114552 -0.572437 0.410238 -0.709944 1302.801200 0.000000 0.000000 0.000000 1.000000 
0.577745 -0.412695 -0.704198 17.796620 -0.574592 -0.818399 0.008210 3.076188 -0.579703 0.399883 -0.709957 1302.788117 0.000000 0.000000 0.000000 1.000000 
0.584781 -0.402565 -0.704253 17.800170 -0.560397 -0.828185 0.008077 3.052733 -0.586503 0.389938 -0.709903 1302.810300 0.000000 0.000000 0.000000 1.000000 
0.591907 -0.392033 -0.704242 17.799892 -0.545502 -0.838071 0.008044 3.013668 -0.593358 0.379404 -0.709915 1302.799726 0.000000 0.000000 0.000000 1.000000 
0.598804 -0.381393 -0.704253 17.799980 -0.530485 -0.847656 0.007999 2.978426 -0.600016 0.368806 -0.709904 1302.792546 0.000000 0.000000 0.000000 1.000000 
0.605301 -0.370973 -0.704265 17.801106 -0.515829 -0.856655 0.007900 2.944876 -0.606243 0.358499 -0.709893 1302.797316 0.000000 0.000000 0.000000 1.000000 
0.611917 -0.359885 -0.704301 17.806403 -0.500266 -0.865837 0.007782 2.914120 -0.612611 0.347576 -0.709859 1302.777027 0.000000 0.000000 0.000000 1.000000 
0.618094 -0.349133 -0.704320 17.809183 -0.485142 -0.874401 0.007694 2.882598 -0.618545 0.336940 -0.709841 1302.797129 0.000000 0.000000 0.000000 1.000000 
0.624072 -0.338302 -0.704334 17.813725 -0.469861 -0.882707 0.007659 2.846391 -0.624312 0.326159 -0.709827 1302.782897 0.000000 0.000000 0.000000 1.000000 
0.630062 -0.327030 -0.704325 17.814006 -0.453967 -0.890986 0.007598 2.814501 -0.630029 0.314953 -0.709837 1302.790983 0.000000 0.000000 0.000000 1.000000 
0.635664 -0.315961 -0.704343 17.820562 -0.438402 -0.898748 0.007514 2.784817 -0.635401 0.304009 -0.709820 1302.776660 0.000000 0.000000 0.000000 1.000000 
0.641227 -0.304463 -0.704365 17.826218 -0.422232 -0.906457 0.007433 2.749150 -0.640740 0.292639 -0.709799 1302.767925 0.000000 0.000000 0.000000 1.000000 
0.646581 -0.292914 -0.704368 17.831404 -0.405978 -0.913853 0.007358 2.717955 -0.645844 0.281200 -0.709797 1302.775544 0.000000 0.000000 0.000000 1.000000 
0.651500 -0.281788 -0.704375 17.837184 -0.390332 -0.920646 0.007278 2.685499 -0.650530 0.270198 -0.709791 1302.760730 0.000000 0.000000 0.000000 1.000000 
0.656464 -0.270005 -0.704381 17.844157 -0.373747 -0.927503 0.007210 2.654690 -0.655262 0.258527 -0.709786 1302.756817 0.000000 0.000000 0.000000 1.000000 
0.661153 -0.258332 -0.704373 17.848732 -0.357339 -0.933948 0.007117 2.623963 -0.659686 0.246994 -0.709794 1302.745918 0.000000 0.000000 0.000000 1.000000 
0.665459 -0.246990 -0.704386 17.855515 -0.341393 -0.939894 0.007043 2.590368 -0.663788 0.235786 -0.709782 1302.741453 0.000000 0.000000 0.000000 1.000000 
0.669757 -0.235077 -0.704389 17.864320 -0.324632 -0.945815 0.006976 2.555706 -0.667862 0.223995 -0.709780 1302.727353 0.000000 0.000000 0.000000 1.000000 
0.673540 -0.224051 -0.704376 17.868828 -0.309140 -0.950992 0.006889 2.524229 -0.671399 0.213111 -0.709794 1302.722088 0.000000 0.000000 0.000000 1.000000 
0.677315 -0.212375 -0.704373 17.877392 -0.292820 -0.956144 0.006715 2.516103 -0.674908 0.201707 -0.709798 1302.674685 0.000000 0.000000 0.000000 1.000000 
0.680836 -0.200635 -0.704421 17.892215 -0.276409 -0.961018 0.006565 2.497496 -0.678278 0.190238 -0.709752 1302.629160 0.000000 0.000000 0.000000 1.000000 
0.684188 -0.188811 -0.704441 17.904153 -0.259888 -0.965618 0.006398 2.484308 -0.681429 0.178698 -0.709734 1302.600970 0.000000 0.000000 0.000000 1.000000 
0.687521 -0.176453 -0.704400 17.904794 -0.242282 -0.970184 0.006556 2.410212 -0.684554 0.166156 -0.709773 1302.691097 0.000000 0.000000 0.000000 1.000000 
0.690580 -0.164087 -0.704397 17.913688 -0.224893 -0.974362 0.006493 2.376893 -0.687403 0.153930 -0.709777 1302.679548 0.000000 0.000000 0.000000 1.000000 
0.693330 -0.151954 -0.704417 17.926021 -0.207873 -0.978135 0.006398 2.347751 -0.689987 0.141993 -0.709757 1302.660267 0.000000 0.000000 0.000000 1.000000 
0.695839 -0.140043 -0.704411 17.936687 -0.191123 -0.981546 0.006342 2.317437 -0.692300 0.130216 -0.709764 1302.626420 0.000000 0.000000 0.000000 1.000000 
0.698225 -0.127833 -0.704372 17.941667 -0.173983 -0.984729 0.006250 2.292363 -0.694414 0.118185 -0.709803 1302.639406 0.000000 0.000000 0.000000 1.000000 
0.700324 -0.115678 -0.704389 17.954217 -0.156901 -0.987595 0.006192 2.262940 -0.696367 0.106183 -0.709787 1302.617077 0.000000 0.000000 0.000000 1.000000 
0.702248 -0.103340 -0.704393 17.968283 -0.139621 -0.990186 0.006072 2.233907 -0.698108 0.094084 -0.709784 1302.613912 0.000000 0.000000 0.000000 1.000000 
0.703978 -0.091074 -0.704358 17.974169 -0.122401 -0.992463 0.005991 2.203587 -0.699595 0.081997 -0.709819 1302.602871 0.000000 0.000000 0.000000 1.000000 
0.705397 -0.079155 -0.704379 17.989538 -0.105655 -0.994385 0.005936 2.177810 -0.700894 0.070234 -0.709799 1302.576721 0.000000 0.000000 0.000000 1.000000 
0.706686 -0.066681 -0.704378 18.004989 -0.088198 -0.996086 0.005809 2.163924 -0.702009 0.058020 -0.709801 1302.543050 0.000000 0.000000 0.000000 1.000000 
0.707793 -0.054184 -0.704339 18.011549 -0.070588 -0.997489 0.005802 2.119670 -0.702884 0.045612 -0.709840 1302.554582 0.000000 0.000000 0.000000 1.000000 
0.708692 -0.041427 -0.704300 18.015965 -0.052674 -0.998595 0.005736 2.087701 -0.703549 0.033033 -0.709879 1302.558663 0.000000 0.000000 0.000000 1.000000 
0.709289 -0.028749 -0.704331 18.037288 -0.034914 -0.999374 0.005632 2.065745 -0.704053 0.020596 -0.709849 1302.525487 0.000000 0.000000 0.000000 1.000000 
0.709695 -0.016592 -0.704314 18.049235 -0.017856 -0.999825 0.005561 2.038375 -0.704283 0.008630 -0.709867 1302.503647 0.000000 0.000000 0.000000 1.000000 
0.709909 -0.003536 -0.704284 18.060958 0.000461 -0.999985 0.005485 2.010245 -0.704293 -0.004219 -0.709897 1302.510403 0.000000 0.000000 0.000000 1.000000 
0.709845 0.008412 -0.704308 18.079743 0.017217 -0.999837 0.005410 1.990223 -0.704148 -0.015966 -0.709874 1302.480576 0.000000 0.000000 0.000000 1.000000 
0.709601 0.020862 -0.704295 18.095509 0.034645 -0.999386 0.005304 1.961384 -0.703752 -0.028164 -0.709888 1302.463088 0.000000 0.000000 0.000000 1.000000 
0.709179 0.033391 -0.704237 18.106541 0.052229 -0.998621 0.005247 1.938229 -0.703091 -0.040503 -0.709946 1302.456266 0.000000 0.000000 0.000000 1.000000 
0.708539 0.045441 -0.704207 18.120475 0.069120 -0.997595 0.005173 1.912068 -0.702279 -0.052340 -0.709976 1302.434576 0.000000 0.000000 0.000000 1.000000 
0.707609 0.058159 -0.704207 18.137780 0.086953 -0.996199 0.005099 1.887606 -0.701234 -0.064841 -0.709977 1302.424949 0.000000 0.000000 0.000000 1.000000 
0.706467 0.070390 -0.704237 18.155057 0.104120 -0.994552 0.005043 1.860362 -0.700046 -0.076888 -0.709947 1302.392809 0.000000 0.000000 0.000000 1.000000 
0.705161 0.082858 -0.704189 18.171290 0.121551 -0.992573 0.004928 1.846845 -0.698550 -0.089070 -0.709996 1302.410414 0.000000 0.000000 0.000000 1.000000 
0.703567 0.095442 -0.704190 18.186066 0.139171 -0.990257 0.004833 1.822561 -0.696868 -0.101403 -0.709995 1302.373767 0.000000 0.000000 0.000000 1.000000 
0.701872 0.107641 -0.704123 18.202501 0.156300 -0.987698 0.004809 1.795477 -0.694943 -0.113430 -0.710062 1302.369282 0.000000 0.000000 0.000000 1.000000 
0.699735 0.120495 -0.704168 18.223179 0.174315 -0.984679 0.004723 1.774723 -0.692810 -0.126052 -0.710018 1302.344989 0.000000 0.000000 0.000000 1.000000 
0.697532 0.132762 -0.704148 18.244240 0.191513 -0.981479 0.004663 1.753707 -0.690487 -0.138105 -0.710038 1302.304386 0.000000 0.000000 0.000000 1.000000 
0.695158 0.144849 -0.704112 18.256620 0.208443 -0.978024 0.004595 1.731160 -0.687973 -0.149962 -0.710074 1302.307943 0.000000 0.000000 0.000000 1.000000 
0.692511 0.157187 -0.704074 18.272403 0.225702 -0.974186 0.004505 1.708012 -0.685191 -0.162031 -0.710112 1302.293689 0.000000 0.000000 0.000000 1.000000 
0.689765 0.168896 -0.704059 18.290325 0.242094 -0.970243 0.004428 1.688596 -0.682360 -0.173503 -0.710128 1302.280873 0.000000 0.000000 0.000000 1.000000 
0.686752 0.180792 -0.704050 18.312783 0.258753 -0.965934 0.004355 1.668318 -0.679278 -0.185166 -0.710137 1302.254144 0.000000 0.000000 0.000000 1.000000 
0.683564 0.192571 -0.704029 18.330893 0.275256 -0.961361 0.004296 1.649877 -0.675999 -0.196725 -0.710159 1302.227106 0.000000 0.000000 0.000000 1.000000 
0.680208 0.204224 -0.703996 18.346742 0.291592 -0.956533 0.004256 1.628793 -0.672526 -0.208175 -0.710192 1302.208576 0.000000 0.000000 0.000000 1.000000 
0.676643 0.215939 -0.703935 18.366605 0.307937 -0.951398 0.004148 1.615623 -0.668826 -0.219574 -0.710253 1302.214541 0.000000 0.000000 0.000000 1.000000 
0.672794 0.227708 -0.703915 18.386678 0.324417 -0.945905 0.004085 1.595435 -0.664907 -0.231111 -0.710272 1302.183814 0.000000 0.000000 0.000000 1.000000 
0.668731 0.239451 -0.703890 18.408327 0.340793 -0.940130 0.003955 1.582088 -0.660801 -0.242526 -0.710298 1302.159968 0.000000 0.000000 0.000000 1.000000 
0.664382 0.251376 -0.703852 18.426599 0.357492 -0.933908 0.003906 1.560784 -0.656351 -0.254216 -0.710336 1302.151816 0.000000 0.000000 0.000000 1.000000 
0.659779 0.263276 -0.703830 18.445433 0.374167 -0.927353 0.003862 1.544843 -0.651682 -0.265898 -0.710358 1302.139714 0.000000 0.000000 0.000000 1.000000 
0.654952 0.275089 -0.703821 18.467495 0.390688 -0.920516 0.003777 1.523383 -0.646839 -0.277448 -0.710368 1302.111130 0.000000 0.000000 0.000000 1.000000 
0.650268 0.286147 -0.703755 18.485940 0.406141 -0.913803 0.003722 1.509404 -0.642028 -0.288244 -0.710433 1302.094568 0.000000 0.000000 0.000000 1.000000 
0.645071 0.297688 -0.703751 18.506913 0.422295 -0.906451 0.003653 1.495565 -0.636828 -0.299547 -0.710437 1302.070511 0.000000 0.000000 0.000000 1.000000 
0.639866 0.308862 -0.703687 18.527775 0.437902 -0.899016 0.003590 1.479806 -0.631517 -0.310443 -0.710501 1302.053855 0.000000 0.000000 0.000000 1.000000 
0.634266 0.320218 -0.703681 18.549924 0.453809 -0.891092 0.003541 1.465027 -0.625910 -0.321583 -0.710508 1302.015520 0.000000 0.000000 0.000000 1.000000 
0.628658 0.331142 -0.703658 18.569998 0.469077 -0.883150 0.003469 1.450293 -0.620287 -0.332251 -0.710530 1301.994283 0.000000 0.000000 0.000000 1.000000 
0.622862 0.342038 -0.703600 18.592319 0.484288 -0.874902 0.003404 1.441159 -0.614417 -0.342866 -0.710588 1301.975259 0.000000 0.000000 0.000000 1.000000 
0.616679 0.353125 -0.703570 18.614014 0.499798 -0.866135 0.003356 1.423914 -0.608201 -0.353713 -0.710618 1301.952083 0.000000 0.000000 0.000000 1.000000 
0.610419 0.363923 -0.703526 18.634199 0.514882 -0.857254 0.003296 1.414211 -0.601901 -0.364245 -0.710662 1301.941509 0.000000 0.000000 0.000000 1.000000 
0.603765 0.374916 -0.703496 18.660893 0.530239 -0.847842 0.003228 1.403892 -0.595243 -0.374970 -0.710692 1301.912082 0.000000 0.000000 0.000000 1.000000 
0.597303 0.385203 -0.703454 18.681426 0.544596 -0.838692 0.003159 1.392771 -0.588765 -0.384986 -0.710733 1301.893443 0.000000 0.000000 0.000000 1.000000 
-0.255647 -0.162543 0.953008 104.682806 -0.892865 -0.338312 -0.297215 -14.928006 0.370724 -0.926890 -0.058641 1053.073564 0.000000 0.000000 0.000000 1.000000 
0.583443 0.406001 -0.703390 18.728966 0.573626 -0.819112 0.003010 1.381486 -0.574933 -0.405239 -0.710798 1301.821528 0.000000 0.000000 0.000000 1.000000 
0.576332 0.416095 -0.703353 18.751330 0.587753 -0.809035 0.002993 1.365717 -0.567792 -0.415123 -0.710834 1301.823381 0.000000 0.000000 0.000000 1.000000 
0.568936 0.426213 -0.703317 18.776088 0.601839 -0.798612 0.002885 1.366629 -0.560448 -0.424925 -0.710871 1301.800422 0.000000 0.000000 0.000000 1.000000 
0.561700 0.435782 -0.703269 18.797466 0.615136 -0.788416 0.002765 1.368032 -0.553264 -0.434159 -0.710919 1301.763856 0.000000 0.000000 0.000000 1.000000 
0.554199 0.445400 -0.703194 18.816477 0.628621 -0.777707 0.002830 1.338169 -0.545618 -0.443611 -0.710992 1301.754539 0.000000 0.000000 0.000000 1.000000 
0.546360 0.455063 -0.703142 18.836044 0.642103 -0.766613 0.002791 1.332416 -0.537768 -0.453015 -0.711044 1301.738288 0.000000 0.000000 0.000000 1.000000 
0.538309 0.464641 -0.703088 18.861805 0.655458 -0.755227 0.002745 1.325789 -0.529715 -0.462322 -0.711098 1301.709051 0.000000 0.000000 0.000000 1.000000 
0.530097 0.474051 -0.703045 18.883269 0.668592 -0.743625 0.002705 1.318492 -0.521520 -0.471484 -0.711140 1301.696834 0.000000 0.000000 0.000000 1.000000 
0.521460 0.483592 -0.703006 18.905456 0.681902 -0.731439 0.002656 1.311003 -0.512922 -0.480766 -0.711179 1301.675743 0.000000 0.000000 0.000000 1.000000 
0.512944 0.492689 -0.702955 18.930870 0.694591 -0.719400 0.002627 1.307891 -0.504412 -0.489614 -0.711229 1301.656106 0.000000 0.000000 0.000000 1.000000 
0.503996 0.501908 -0.702906 18.954640 0.707448 -0.706761 0.002592 1.302956 -0.495485 -0.498575 -0.711278 1301.619428 0.000000 0.000000 0.000000 1.000000 
0.495434 0.510418 -0.702865 18.976364 0.719296 -0.694699 0.002528 1.299534 -0.486989 -0.506821 -0.711319 1301.590137 0.000000 0.000000 0.000000 1.000000 
0.486916 0.518615 -0.702816 18.997095 0.730713 -0.682680 0.002487 1.294677 -0.478509 -0.514768 -0.711367 1301.588382 0.000000 0.000000 0.000000 1.000000 
0.477586 0.527247 -0.702796 19.027314 0.742782 -0.669529 0.002469 1.291899 -0.469241 -0.523203 -0.711387 1301.551833 0.000000 0.000000 0.000000 1.000000 
0.468661 0.535246 -0.702758 19.049093 0.753921 -0.656961 0.002415 1.293927 -0.460392 -0.530956 -0.711425 1301.531388 0.000000 0.000000 0.000000 1.000000 
0.459431 0.543262 -0.702702 19.073037 0.765084 -0.643926 0.002395 1.294339 -0.451187 -0.538726 -0.711481 1301.510709 0.000000 0.000000 0.000000 1.000000 
0.449869 0.551263 -0.702657 19.094339 0.776217 -0.630461 0.002343 1.287952 -0.441706 -0.546468 -0.711525 1301.489880 0.000000 0.000000 0.000000 1.000000 
0.440807 0.558621 -0.702589 19.115679 0.786426 -0.617680 0.002296 1.288659 -0.432693 -0.553547 -0.711592 1301.462854 0.000000 0.000000 0.000000 1.000000 
0.430720 0.566502 -0.702535 19.139272 0.797393 -0.603456 0.002268 1.286986 -0.422664 -0.561173 -0.711646 1301.438640 0.000000 0.000000 0.000000 1.000000 
0.420677 0.574068 -0.702479 19.160455 0.807905 -0.589309 0.002227 1.287850 -0.412699 -0.568473 -0.711701 1301.428701 0.000000 0.000000 0.000000 1.000000 
0.410468 0.581462 -0.702437 19.186904 0.818207 -0.574919 0.002212 1.288549 -0.402558 -0.575647 -0.711742 1301.395836 0.000000 0.000000 0.000000 1.000000 
